-4.6	6.46143e-10
-3.6	2.35258e-06
-2.6	0.00115923
-1.6	0.0773047
-0.6	0.697676
0.4	0.852144
1.4	0.140858
2.4	0.00315111
3.4	9.54016e-06
4.4	3.90894e-09


-4.6 	 6.46143e-10 	 5.94452e-09 	 0
-4.51 	 1.46692e-09 	 1.32316e-08 	 9.02167e-11
-4.42 	 3.2768e-09 	 2.89669e-08 	 2.93161e-10
-4.33 	 7.20205e-09 	 6.23698e-08 	 7.42362e-10
-4.24 	 1.5575e-08 	 1.32076e-07 	 1.72067e-09
-4.15 	 3.31408e-08 	 2.75069e-07 	 3.81714e-09
-4.06 	 6.93847e-08 	 5.63403e-07 	 8.23765e-09
-3.97 	 1.42932e-07 	 1.13488e-06 	 1.74089e-08
-3.88 	 2.89706e-07 	 2.24812e-06 	 3.61313e-08
-3.79 	 5.77764e-07 	 4.37945e-06 	 7.37382e-08
-3.7 	 1.13373e-06 	 8.38958e-06 	 1.48065e-07
-3.61 	 2.18893e-06 	 1.5804e-05 	 2.92609e-07
-3.52 	 4.15832e-06 	 2.92746e-05 	 5.69191e-07
-3.43 	 7.77265e-06 	 5.33203e-05 	 1.08994e-06
-3.34 	 1.4295e-05 	 9.54907e-05 	 2.05465e-06
-3.25 	 2.58681e-05 	 0.000168143 	 3.81317e-06
-3.16 	 4.60584e-05 	 0.000291089 	 6.96722e-06
-3.07 	 8.06897e-05 	 0.000495435 	 1.25335e-05
-2.98 	 0.000139089 	 0.000828968 	 2.21992e-05
-2.89 	 0.000235901 	 0.00136351 	 3.8714e-05
-2.8 	 0.000393669 	 0.00220455 	 6.64786e-05
-2.71 	 0.000646395 	 0.00350346 	 0.000112407
-2.62 	 0.00104431 	 0.00547218 	 0.000187163
-2.53 	 0.00166006 	 0.00839992 	 0.000306888
-2.44 	 0.00259648 	 0.0126708 	 0.000495555
-2.35 	 0.00399585 	 0.0187805 	 0.000788092
-2.26 	 0.00605059 	 0.0273487 	 0.00123441
-2.17 	 0.00901469 	 0.0391237 	 0.00190441
-2.08 	 0.013215 	 0.0549746 	 0.00289405
-1.99 	 0.0190612 	 0.0758636 	 0.0043324
-1.9 	 0.0270518 	 0.102797 	 0.00638932
-1.81 	 0.0377753 	 0.136747 	 0.00928363
-1.72 	 0.0519019 	 0.178543 	 0.0132909
-1.63 	 0.0701654 	 0.228739 	 0.01875
-1.54 	 0.0933313 	 0.28746 	 0.0260678
-1.45 	 0.122151 	 0.354237 	 0.0357194
-1.36 	 0.1573 	 0.427856 	 0.0482449
-1.27 	 0.199309 	 0.506244 	 0.0642394
-1.18 	 0.248478 	 0.586409 	 0.0843356
-1.09 	 0.3048 	 0.664464 	 0.10918
-1 	 0.367879 	 0.735759 	 0.139403
-0.91 	 0.436879 	 0.795119 	 0.175577
-0.82 	 0.510482 	 0.83719 	 0.21818
-0.73 	 0.5869 	 0.856875 	 0.267548
-0.64 	 0.663916 	 0.849812 	 0.32384
-0.55 	 0.738968 	 0.812865 	 0.386995
-0.46 	 0.809288 	 0.744545 	 0.456712
-0.37 	 0.872057 	 0.645322 	 0.53244
-0.28 	 0.924595 	 0.517773 	 0.613375
-0.19 	 0.964544 	 0.366527 	 0.698489
-0.1 	 0.99005 	 0.19801 	 0.786559
-0.01 	 0.9999 	 0.019998 	 0.876227
0.08 	 0.99362 	 -0.158979 	 0.966057
0.17 	 0.971514 	 -0.330315 	 1.0546
0.26 	 0.934634 	 -0.48601 	 1.14049
0.35 	 0.884706 	 -0.619294 	 1.22245
0.44 	 0.823987 	 -0.725109 	 1.29941
0.53 	 0.755104 	 -0.80041 	 1.37052
0.62 	 0.680859 	 -0.844265 	 1.43517
0.71 	 0.604049 	 -0.85775 	 1.493
0.8 	 0.527292 	 -0.843668 	 1.5439
0.89 	 0.452893 	 -0.806149 	 1.58798
0.98 	 0.38274 	 -0.75017 	 1.62555
1.07 	 0.318256 	 -0.681067 	 1.65704
1.16 	 0.260383 	 -0.60409 	 1.68303
1.25 	 0.209611 	 -0.524028 	 1.70413
1.34 	 0.166028 	 -0.444955 	 1.72098
1.43 	 0.129393 	 -0.370064 	 1.73422
1.52 	 0.0992216 	 -0.301634 	 1.74446
1.61 	 0.0748627 	 -0.241058 	 1.75225
1.7 	 0.0555762 	 -0.188959 	 1.75809
1.79 	 0.0405954 	 -0.145332 	 1.76239
1.88 	 0.0291763 	 -0.109703 	 1.7655
1.97 	 0.0206322 	 -0.0812911 	 1.76772
2.06 	 0.0143558 	 -0.059146 	 1.76928
2.15 	 0.00982819 	 -0.0422612 	 1.77036
2.24 	 0.0066204 	 -0.0296594 	 1.77109
2.33 	 0.00438792 	 -0.0204477 	 1.77158
2.42 	 0.00286153 	 -0.0138498 	 1.7719
2.51 	 0.00183612 	 -0.00921733 	 1.77211
2.6 	 0.00115923 	 -0.00602799 	 1.77224
2.69 	 0.000720115 	 -0.00387422 	 1.77233
2.78 	 0.000440148 	 -0.00244722 	 1.77238
2.87 	 0.000264704 	 -0.0015194 	 1.77241
2.96 	 0.000156634 	 -0.000927272 	 1.77243
3.05 	 9.1196e-05 	 -0.000556295 	 1.77244
3.14 	 5.22432e-05 	 -0.000328088 	 1.77245
3.23 	 2.94475e-05 	 -0.000190231 	 1.77245
3.32 	 1.63317e-05 	 -0.000108443 	 1.77245
3.41 	 8.91211e-06 	 -6.07806e-05 	 1.77245
3.5 	 4.78512e-06 	 -3.34958e-05 	 1.77245
3.59 	 2.52795e-06 	 -1.81507e-05 	 1.77245
3.68 	 1.31405e-06 	 -9.67137e-06 	 1.77245
3.77 	 6.72072e-07 	 -5.06742e-06 	 1.77245
3.86 	 3.3821e-07 	 -2.61098e-06 	 1.77245
3.95 	 1.67464e-07 	 -1.32296e-06 	 1.77245
4.04 	 8.15867e-08 	 -6.5922e-07 	 1.77245
4.13 	 3.91095e-08 	 -3.23045e-07 	 1.77245
4.22 	 1.84463e-08 	 -1.55687e-07 	 1.77245
4.31 	 8.56056e-09 	 -7.3792e-08 	 1.77245
4.4 	 3.90894e-09 	 -3.43987e-08 	 1.77245


-4.6	6.46143e-10
-4.51	2.1232e-07
-4.42	4.23993e-07
-4.33	6.35667e-07
-4.24	8.47341e-07
-4.15	1.05901e-06
-4.06	1.27069e-06
-3.97	1.48236e-06
-3.88	1.69404e-06
-3.79	1.90571e-06
-3.7	2.11738e-06
-3.61	2.32906e-06
-3.52	9.49027e-05
-3.43	0.000199022
-3.34	0.00030314
-3.25	0.000407259
-3.16	0.000511378
-3.07	0.000615497
-2.98	0.000719616
-2.89	0.000823735
-2.8	0.000927854
-2.71	0.00103197
-2.62	0.00113609
-2.53	0.00648941
-2.44	0.0133425
-2.35	0.0201956
-2.26	0.0270487
-2.17	0.0339018
-2.08	0.0407549
-1.99	0.047608
-1.9	0.0544611
-1.81	0.0613142
-1.72	0.0681673
-1.63	0.0750204
-1.54	0.114527
-1.45	0.17036
-1.36	0.226194
-1.27	0.282027
-1.18	0.337861
-1.09	0.393694
-1	0.449528
-0.91	0.505361
-0.82	0.561195
-0.73	0.617028
-0.64	0.672861
-0.55	0.7054
-0.46	0.719302
-0.37	0.733204
-0.28	0.747106
-0.19	0.761008
-0.1	0.77491
-0.01	0.788812
0.08	0.802714
0.17	0.816616
0.26	0.830518
0.35	0.84442
0.44	0.823692
0.53	0.759677
0.62	0.695661
0.71	0.631645
0.8	0.56763
0.89	0.503614
0.98	0.439598
1.07	0.375583
1.16	0.311567
1.25	0.247551
1.34	0.183536
1.43	0.136727
1.52	0.124334
1.61	0.11194
1.7	0.0995462
1.79	0.0871526
1.88	0.0747589
1.97	0.0623653
2.06	0.0499716
2.15	0.0375779
2.24	0.0251843
2.33	0.0127906
2.42	0.00308828
2.51	0.00280554
2.6	0.0025228
2.69	0.00224006
2.78	0.00195731
2.87	0.00167457
2.96	0.00139183
3.05	0.00110909
3.14	0.000826349
3.23	0.000543607
3.32	0.000260866
3.41	9.4448e-06
3.5	8.58654e-06
3.59	7.72827e-06
3.68	6.87001e-06
3.77	6.01175e-06
3.86	5.15349e-06
3.95	4.29522e-06
4.04	3.43696e-06
4.13	2.5787e-06
4.22	1.72043e-06
4.31	8.62172e-07
4.4	3.90894e-09


-4.6	6.46143e-10	0.185803	0
-4.51	0.0152173	0.152359	0.000707352
-4.42	0.0274246	0.118915	0.00264881
-4.33	0.0366219	0.0854706	0.00555348
-4.24	0.0428093	0.0520265	0.00915046
-4.15	0.0459867	0.0185824	0.0131689
-4.06	0.0461541	-0.0148617	0.0173378
-3.97	0.0433116	-0.0483058	0.0213863
-3.88	0.0374591	-0.0817499	0.0250436
-3.79	0.0285966	-0.115194	0.0280386
-3.7	0.0167242	-0.148638	0.0301006
-3.61	0.00184175	-0.182082	0.0309587
-3.52	-0.013665	-0.155885	0.0304055
-3.43	-0.0261803	-0.122233	0.0285897
-3.34	-0.035667	-0.0885816	0.0257839
-3.25	-0.042125	-0.0549296	0.0222605
-3.16	-0.0455544	-0.0212777	0.0182922
-3.07	-0.045955	0.0123742	0.0141516
-2.98	-0.043327	0.0460261	0.0101112
-2.89	-0.0376703	0.079678	0.0064436
-2.8	-0.028985	0.11333	0.00342139
-2.71	-0.0172709	0.146982	0.00131716
-2.62	-0.00252823	0.180634	0.000403486
-2.53	0.0137784	0.172437	0.000918766
-2.44	0.0283908	0.152283	0.00282998
-2.35	0.0411893	0.132129	0.00597469
-2.26	0.052174	0.111975	0.0101896
-2.17	0.0613448	0.0918208	0.0153116
-2.08	0.0687017	0.0716669	0.0211773
-1.99	0.0742448	0.0515129	0.0276235
-1.9	0.077974	0.0313589	0.0344869
-1.81	0.0798894	0.011205	0.0416044
-1.72	0.0799909	-0.00894898	0.0488126
-1.63	0.0782786	-0.0291029	0.0559484
-1.54	0.0775178	0.0429222	0.0629037
-1.45	0.0866959	0.161037	0.0702135
-1.36	0.106504	0.279151	0.0788278
-1.27	0.136943	0.397266	0.0897032
-1.18	0.178012	0.515381	0.103797
-1.09	0.229712	0.633495	0.122064
-1	0.292041	0.75161	0.145464
-0.91	0.365002	0.869725	0.174951
-0.82	0.448592	0.987839	0.211483
-0.73	0.542813	1.10595	0.256016
-0.64	0.647664	1.22407	0.309508
-0.55	0.758699	1.16435	0.37284
-0.46	0.854402	0.962377	0.445566
-0.37	0.931927	0.7604	0.526088
-0.28	0.991274	0.558422	0.612768
-0.19	1.03244	0.356445	0.703972
-0.1	1.05543	0.154467	0.798062
-0.01	1.06025	-0.0475099	0.893404
0.08	1.04688	-0.249487	0.988362
0.17	1.01534	-0.451465	1.0813
0.26	0.965619	-0.653442	1.17058
0.35	0.89772	-0.85542	1.25456
0.44	0.813849	-0.947122	1.33165
0.53	0.730684	-0.90098	1.40112
0.62	0.651672	-0.854838	1.4633
0.71	0.576813	-0.808696	1.51855
0.8	0.506107	-0.762554	1.56725
0.89	0.439554	-0.716412	1.60977
0.98	0.377153	-0.67027	1.64649
1.07	0.318905	-0.624128	1.67779
1.16	0.26481	-0.577987	1.70402
1.25	0.214867	-0.531845	1.72558
1.34	0.169078	-0.485703	1.74282
1.43	0.127496	-0.435908	1.75613
1.52	0.0908336	-0.378805	1.76592
1.61	0.0593107	-0.321703	1.77264
1.7	0.032927	-0.264601	1.77675
1.79	0.0116825	-0.207499	1.77872
1.88	-0.00442276	-0.150397	1.77901
1.97	-0.0153889	-0.0932945	1.77808
2.06	-0.0212158	-0.0361923	1.77639
2.15	-0.0219035	0.0209098	1.77441
2.24	-0.017452	0.078012	1.7726
2.33	-0.00786133	0.135114	1.77143
2.42	0.00666858	0.17222	1.77134
2.51	0.0206888	0.13934	1.7726
2.6	0.0317498	0.10646	1.77498
2.69	0.0398515	0.0735792	1.77822
2.78	0.044994	0.0406989	1.78206
2.87	0.0471773	0.00781854	1.78623
2.96	0.0464014	-0.0250618	1.79046
3.05	0.0426662	-0.0579421	1.79449
3.14	0.0359718	-0.0908225	1.79806
3.23	0.0263181	-0.123703	1.80088
3.32	0.0137053	-0.156583	1.8027
3.41	-0.00182998	-0.182094	1.80326
3.5	-0.0167135	-0.14865	1.8024
3.59	-0.028587	-0.115206	1.80034
3.68	-0.0374505	-0.0817618	1.79735
3.77	-0.0433041	-0.0483177	1.79369
3.86	-0.0461477	-0.0148736	1.78964
3.95	-0.0459813	0.0185705	1.78547
4.04	-0.042805	0.0520146	1.78146
4.13	-0.0366187	0.0854587	1.77786
4.22	-0.0274224	0.118903	1.77496
4.31	-0.0152162	0.152347	1.77301
4.4	3.90894e-09	0.185791	1.77231


-4.6	6.46143e-10	-0.00639968	0
-4.51	-0.000571304	-0.00624411	-2.58136e-05
-4.42	-0.00111461	-0.0057774	-0.000101995
-4.33	-0.0016019	-0.00499956	-0.000224762
-4.24	-0.00200519	-0.00391057	-0.000387817
-4.15	-0.00229647	-0.00251045	-0.000582337
-4.06	-0.00244774	-0.000799183	-0.000796981
-3.97	-0.00243099	0.00122322	-0.00101789
-3.88	-0.00221822	0.00355676	-0.00122868
-3.79	-0.00178144	0.00620144	-0.00141045
-3.7	-0.00109263	0.00915726	-0.00154178
-3.61	-0.000123797	0.0124242	-0.00159872
-3.52	0.00113399	0.015287	-0.0015552
-3.43	0.00258291	0.0166613	-0.00138887
-3.34	0.00408804	0.0165361	-0.00108859
-3.25	0.00551441	0.0149112	-0.000655385
-3.16	0.00672707	0.0117868	-0.000102409
-3.07	0.00759105	0.00716284	0.000545028
-2.98	0.00797139	0.00103926	0.00124947
-2.89	0.00773313	-0.00658391	0.00196132
-2.8	0.0067413	-0.0157067	0.00261883
-2.71	0.00486095	-0.026329	0.0031481
-2.62	0.0019571	-0.0384509	0.00346309
-2.53	-0.00202916	-0.0488133	0.00346695
-2.44	-0.0065528	-0.0501661	0.00308168
-2.35	-0.0107808	-0.0422435	0.00229632
-2.26	-0.0138784	-0.0250453	0.00117505
-2.17	-0.0150107	0.00142845	-0.000142827
-2.08	-0.013343	0.0371777	-0.00144287
-1.99	-0.00804042	0.0822025	-0.00243552
-1.9	0.00173175	0.136503	-0.00275606
-1.81	0.0168084	0.200079	-0.00196467
-1.72	0.0380242	0.27293	0.000453622
-1.63	0.0662141	0.355057	0.00508891
-1.54	0.102115	0.441554	0.0126049
-1.45	0.145322	0.51648	0.023689
-1.36	0.194697	0.578609	0.038948
-1.27	0.249088	0.62794	0.058885
-1.18	0.307342	0.664473	0.0838997
-1.09	0.368309	0.688208	0.114288
-1	0.430836	0.699146	0.150242
-0.91	0.493771	0.697286	0.191851
-0.82	0.555964	0.682629	0.239099
-0.73	0.616261	0.655174	0.291867
-0.64	0.673511	0.614922	0.349934
-0.55	0.726577	0.562739	0.412973
-0.46	0.774581	0.502823	0.480566
-0.37	0.81687	0.435731	0.552227
-0.28	0.852797	0.361461	0.627412
-0.19	0.881718	0.280013	0.70552
-0.1	0.902984	0.191388	0.785891
-0.01	0.915952	0.0955859	0.867808
0.08	0.919975	-0.00739376	0.950494
0.17	0.914406	-0.117551	1.03312
0.26	0.8986	-0.234885	1.11478
0.35	0.871911	-0.359397	1.19454
0.44	0.833732	-0.488197	1.27138
0.53	0.784623	-0.599437	1.34428
0.62	0.726495	-0.688602	1.41234
0.71	0.661337	-0.755693	1.47484
0.8	0.591133	-0.800709	1.53123
0.89	0.517871	-0.823651	1.58115
0.98	0.443538	-0.824518	1.62441
1.07	0.37012	-0.803311	1.66101
1.16	0.299604	-0.760029	1.69112
1.25	0.233977	-0.694673	1.71509
1.34	0.175225	-0.607242	1.73345
1.43	0.125317	-0.499583	1.7469
1.52	0.0851131	-0.395706	1.7563
1.61	0.0537552	-0.302999	1.76248
1.7	0.0302383	-0.22146	1.76621
1.79	0.0135572	-0.151091	1.76813
1.88	0.00270677	-0.0918913	1.76882
1.97	-0.00331829	-0.0438605	1.76876
2.06	-0.0055232	-0.00699895	1.76834
2.15	-0.00491318	0.0186934	1.76785
2.24	-0.00249346	0.0332166	1.76751
2.33	0.000730726	0.0365705	1.76743
2.42	0.0037562	0.0290623	1.76763
2.51	0.00591217	0.0190591	1.76808
2.6	0.00722482	0.0103221	1.76867
2.69	0.00780813	0.00285146	1.76936
2.78	0.00777607	-0.00335287	1.77006
2.87	0.00724261	-0.0082909	1.77074
2.96	0.0063217	-0.0119626	1.77135
3.05	0.00512733	-0.014368	1.77187
3.14	0.00377345	-0.0155071	1.77227
3.23	0.00237403	-0.0153799	1.77255
3.32	0.00104305	-0.0139864	1.7727
3.41	-0.000105561	-0.0113361	1.77274
3.5	-0.000989635	-0.00835724	1.77269
3.59	-0.00161837	-0.00566204	1.77257
3.68	-0.00201731	-0.00325055	1.7724
3.77	-0.00221198	-0.00112276	1.77221
3.86	-0.00222792	0.000721325	1.77201
3.95	-0.00209066	0.0022817	1.77182
4.04	-0.00182573	0.00355838	1.77164
4.13	-0.00145866	0.00455134	1.77149
4.22	-0.00101499	0.00526061	1.77138
4.31	-0.000520262	0.00568616	1.77131
4.4	3.90894e-09	0.00582802	1.77129


