#shift stepIter stepRayleigh eig(iter) eig(rayleigh)
0 1 1 2 2
1 14 33 2 2
2 21 34 2 2
3 28 35 2 2
4 35 36 2 2
5 42 37 2 2
6 48 37 2 2
7 54 38 2 2
8 60 38 1.99999 2
9 67 38 1.99999 2
10 73 38 1.99999 2
11 79 39 1.99999 2
12 85 39 1.99999 2
13 90 39 1.99999 2
14 96 39 1.99999 2
15 102 39 1.99999 2
16 108 40 1.99999 2
17 113 40 1.99999 2
18 119 40 1.99999 2
19 125 40 1.99999 2
20 130 40 1.99999 2
21 136 40 1.99999 2
22 141 40 1.99999 2
23 147 41 1.99999 2
24 152 41 1.99998 2
25 158 41 1.99998 2
26 163 41 1.99998 2
27 169 41 1.99998 2
28 174 41 1.99998 2
29 179 41 1.99998 2
30 185 41 1.99998 2
31 190 41 1.99998 2
32 195 41 1.99998 2
33 200 41 1.99998 2
34 206 41 1.99998 2
35 211 42 1.99998 2
36 216 42 1.99998 2
37 221 42 1.99998 2
38 226 42 1.99997 2
39 231 42 1.99997 2
40 237 42 1.99997 2
41 242 42 1.99997 2
42 247 42 1.99997 2
43 252 42 1.99997 2
44 257 42 1.99997 2
45 262 42 1.99997 2
46 267 42 1.99997 2
47 272 42 1.99997 2
48 277 42 1.99997 2
49 282 42 1.99997 2
50 287 42 1.99997 2
51 292 42 1.99997 2
52 297 43 1.99997 2
53 302 43 1.99997 2
54 307 43 1.99996 2
55 312 43 1.99996 2
56 316 43 1.99996 2
57 321 43 1.99996 2
58 326 43 1.99996 2
59 331 43 1.99996 2
60 336 43 1.99996 2
61 341 43 1.99996 2
62 346 43 1.99996 2
63 350 43 1.99996 2
64 355 43 1.99996 2
65 360 43 1.99996 2
66 365 43 1.99996 2
67 370 43 1.99996 2
68 374 43 1.99995 2
69 379 43 1.99995 2
70 384 43 1.99995 2
71 389 43 1.99995 2
72 393 43 1.99995 2
73 398 43 1.99995 2
74 403 43 1.99995 2
75 407 43 1.99995 2
76 412 43 1.99995 2
77 417 43 1.99995 2
78 421 44 1.99995 2
79 426 44 1.99995 2
80 431 44 1.99995 2
81 435 44 1.99995 2
82 440 44 1.99995 2
83 445 44 1.99995 2
84 449 44 1.99994 2
85 454 44 1.99994 2
86 459 44 1.99994 2
87 463 44 1.99994 2
88 468 44 1.99994 2
89 472 44 1.99994 2
90 477 44 1.99994 2
91 482 44 1.99994 2
92 486 44 1.99994 2
93 491 44 1.99994 2
94 495 44 1.99994 2
95 500 44 1.99994 2
96 504 44 1.99994 2
97 509 44 1.99994 2
98 513 44 1.99993 2
99 518 44 1.99993 2
100 522 44 1.99993 2
101 527 44 1.99993 2
102 531 44 1.99993 2
103 536 44 1.99993 2
104 540 44 1.99993 2
105 545 44 1.99993 2
106 549 44 1.99993 2
107 554 44 1.99993 2
108 558 44 1.99993 2
109 563 44 1.99993 2
110 567 44 1.99993 2
111 571 44 1.99993 2
112 576 44 1.99993 2
113 580 44 1.99992 2
114 585 44 1.99992 2
115 589 44 1.99992 2
116 594 44 1.99992 2
117 598 45 1.99992 2
118 602 45 1.99992 2
119 607 45 1.99992 2
120 611 45 1.99992 2
121 616 45 1.99992 2
122 620 45 1.99992 2
123 624 45 1.99992 2
124 629 45 1.99992 2
125 633 45 1.99992 2
126 637 45 1.99992 2
127 642 45 1.99992 2
128 646 45 1.99991 2
129 650 45 1.99991 2
130 655 45 1.99991 2
131 659 45 1.99991 2
132 663 45 1.99991 2
133 668 45 1.99991 2
134 672 45 1.99991 2
135 676 45 1.99991 2
136 681 45 1.99991 2
137 685 45 1.99991 2
138 689 45 1.99991 2
139 693 45 1.99991 2
140 698 45 1.99991 2
141 702 45 1.99991 2
142 706 45 1.99991 2
143 711 45 1.99991 2
144 715 45 1.9999 2
145 719 45 1.9999 2
146 723 45 1.9999 2
147 728 45 1.9999 2
148 732 45 1.9999 2
149 736 45 1.9999 2
150 740 45 1.9999 2
151 744 45 1.9999 2
152 749 45 1.9999 2
153 753 45 1.9999 2
154 757 45 1.9999 2
155 761 45 1.9999 2
156 766 45 1.9999 2
157 770 45 1.9999 2
158 774 45 1.99989 2
159 778 45 1.99989 2
160 782 45 1.99989 2
161 787 45 1.99989 2
162 791 45 1.99989 2
163 795 45 1.99989 2
164 799 45 1.99989 2
165 803 45 1.99989 2
166 807 45 1.99989 2
167 812 45 1.99989 2
168 816 45 1.99989 2
169 820 45 1.99989 2
170 824 45 1.99989 2
171 828 45 1.99989 2
172 832 45 1.99988 2
173 836 45 1.99988 2
174 841 45 1.99988 2
175 845 46 1.99988 2
176 849 46 1.99988 2
177 853 46 1.99988 2
178 857 46 1.99988 2
179 861 46 1.99988 2
180 865 46 1.99988 2
181 869 46 1.99988 2
182 874 46 1.99988 2
183 878 46 1.99988 2
184 882 46 1.99988 2
185 886 46 1.99988 2
186 890 46 1.99988 2
187 894 46 1.99988 2
188 898 46 1.99987 2
189 902 46 1.99987 2
190 906 46 1.99987 2
191 910 46 1.99987 2
192 914 46 1.99987 2
193 918 46 1.99987 2
194 922 46 1.99987 2
195 927 46 1.99987 2
196 931 46 1.99987 2
197 935 46 1.99987 2
198 939 46 1.99987 2
199 943 46 1.99987 2
200 947 46 1.99987 2
201 951 46 1.99987 2
202 955 46 1.99987 2
203 959 46 1.99986 2
204 963 46 1.99986 2
205 967 46 1.99986 2
206 971 46 1.99986 2
207 975 46 1.99986 2
208 979 46 1.99986 2
209 983 46 1.99986 2
210 987 46 1.99986 2
211 991 46 1.99986 2
212 995 46 1.99986 2
213 999 46 1.99986 2
214 1000 46 1.99985 2
215 1000 46 1.99985 2
216 1000 46 1.99984 2
217 1000 46 1.99984 2
218 1000 46 1.99983 2
219 1000 46 1.99983 2
220 1000 46 1.99982 2
221 1000 46 1.99982 2
222 1000 46 1.99981 2
223 1000 46 1.99981 2
224 1000 46 1.9998 2
225 1000 46 1.9998 2
226 1000 46 1.99979 2
227 1000 46 1.99978 2
228 1000 46 1.99978 2
229 1000 46 1.99977 2
230 1000 46 1.99976 2
231 1000 46 1.99976 2
232 1000 46 1.99975 2
233 1000 46 1.99974 2
234 1000 46 1.99974 2
235 1000 46 1.99973 2
236 1000 46 1.99972 2
237 1000 46 1.99971 2
238 1000 46 1.99971 2
239 1000 46 1.9997 2
240 1000 46 1.99969 2
241 1000 46 1.99968 2
242 1000 46 1.99968 2
243 1000 46 1.99967 2
244 1000 46 1.99966 2
245 1000 46 1.99965 2
246 1000 46 1.99964 2
247 1000 46 1.99963 2
248 1000 46 1.99962 2
249 1000 46 1.99961 2
250 1000 46 1.99961 2
251 1000 46 1.9996 2
252 1000 46 1.99959 2
253 1000 46 1.99958 2
254 1000 46 1.99957 2
255 1000 46 1.99956 2
256 1000 46 1.99955 2
257 1000 46 1.99954 2
258 1000 46 1.99953 2
259 1000 46 1.99952 2
260 1000 46 1.99951 2
261 1000 46 1.99949 2
262 1000 47 1.99948 2
263 1000 47 1.99947 2
264 1000 47 1.99946 2
265 1000 47 1.99945 2
266 1000 47 1.99944 2
267 1000 47 1.99943 2
268 1000 47 1.99941 2
269 1000 47 1.9994 2
270 1000 47 1.99939 2
271 1000 47 1.99938 2
272 1000 47 1.99937 2
273 1000 47 1.99935 2
274 1000 47 1.99934 2
275 1000 47 1.99933 2
276 1000 47 1.99931 2
277 1000 47 1.9993 2
278 1000 47 1.99929 2
279 1000 47 1.99927 2
280 1000 47 1.99926 2
281 1000 47 1.99925 2
282 1000 47 1.99923 2
283 1000 47 1.99922 2
284 1000 47 1.9992 2
285 1000 47 1.99919 2
286 1000 47 1.99917 2
287 1000 47 1.99916 2
288 1000 47 1.99914 2
289 1000 47 1.99913 2
290 1000 47 1.99911 2
291 1000 47 1.9991 2
292 1000 47 1.99908 2
293 1000 47 1.99907 2
294 1000 47 1.99905 2
295 1000 47 1.99904 2
296 1000 47 1.99902 2
297 1000 47 1.999 2
298 1000 47 1.99899 2
299 1000 47 1.99897 2
300 1000 47 1.99895 2
301 1000 47 1.99894 2
302 1000 47 1.99892 2
303 1000 47 1.9989 2
304 1000 47 1.99888 2
305 1000 47 1.99887 2
306 1000 47 1.99885 2
307 1000 47 1.99883 2
308 1000 47 1.99881 2
309 1000 47 1.99879 2
310 1000 47 1.99878 2
311 1000 47 1.99876 2
312 1000 47 1.99874 2
313 1000 47 1.99872 2
314 1000 47 1.9987 2
315 1000 47 1.99868 2
316 1000 47 1.99866 2
317 1000 47 1.99864 2
318 1000 47 1.99862 2
319 1000 47 1.9986 2
320 1000 47 1.99858 2
321 1000 47 1.99856 2
322 1000 47 1.99854 2
323 1000 47 1.99852 2
324 1000 47 1.9985 2
325 1000 47 1.99848 2
326 1000 47 1.99846 2
327 1000 47 1.99844 2
328 1000 47 1.99842 2
329 1000 47 1.9984 2
330 1000 47 1.99838 2
331 1000 47 1.99835 2
332 1000 47 1.99833 2
333 1000 47 1.99831 2
334 1000 47 1.99829 2
335 1000 47 1.99827 2
336 1000 47 1.99824 2
337 1000 47 1.99822 2
338 1000 47 1.9982 2
339 1000 47 1.99818 2
340 1000 47 1.99815 2
341 1000 47 1.99813 2
342 1000 47 1.99811 2
343 1000 47 1.99808 2
344 1000 47 1.99806 2
345 1000 47 1.99804 2
346 1000 47 1.99801 2
347 1000 47 1.99799 2
348 1000 47 1.99797 2
349 1000 47 1.99794 2
350 1000 47 1.99792 2
351 1000 47 1.99789 2
352 1000 47 1.99787 2
353 1000 47 1.99784 2
354 1000 47 1.99782 2
355 1000 47 1.99779 2
356 1000 47 1.99777 2
357 1000 47 1.99774 2
358 1000 47 1.99772 2
359 1000 47 1.99769 2
360 1000 47 1.99767 2
361 1000 47 1.99764 2
362 1000 47 1.99762 2
363 1000 47 1.99759 2
364 1000 47 1.99756 2
365 1000 47 1.99754 2
366 1000 47 1.99751 2
367 1000 47 1.99748 2
368 1000 47 1.99746 2
369 1000 47 1.99743 2
370 1000 47 1.9974 2
371 1000 47 1.99738 2
372 1000 47 1.99735 2
373 1000 47 1.99732 2
374 1000 47 1.9973 2
375 1000 47 1.99727 2
376 1000 47 1.99724 2
377 1000 47 1.99721 2
378 1000 47 1.99718 2
379 1000 47 1.99716 2
380 1000 47 1.99713 2
381 1000 47 1.9971 2
382 1000 47 1.99707 2
383 1000 47 1.99704 2
384 1000 47 1.99701 2
385 1000 47 1.99699 2
386 1000 47 1.99696 2
387 1000 47 1.99693 2
388 1000 47 1.9969 2
389 1000 47 1.99687 2
390 1000 47 1.99684 2
391 1000 47 1.99681 2
392 1000 47 1.99678 2
393 1000 47 1.99675 2
394 1000 48 1.99672 2
395 1000 48 1.99669 2
396 1000 48 1.99666 2
397 1000 48 1.99663 2
398 1000 48 1.9966 2
399 1000 48 1.99657 2
400 1000 48 1.99654 2
401 1000 48 1.99651 2
402 1000 48 1.99648 2
403 1000 48 1.99645 2
404 1000 48 1.99642 2
405 1000 48 1.99639 2
406 1000 48 1.99636 2
407 1000 48 1.99633 2
408 1000 48 1.9963 2
409 1000 48 1.99627 2
410 1000 48 1.99623 2
411 1000 48 1.9962 2
412 1000 48 1.99617 2
413 1000 48 1.99614 2
414 1000 48 1.99611 2
415 1000 48 1.99608 2
416 1000 48 1.99604 2
417 1000 48 1.99601 2
418 1000 48 1.99598 2
419 1000 48 1.99595 2
420 1000 48 1.99592 2
421 1000 48 1.99588 2
422 1000 48 1.99585 2
423 1000 48 1.99582 2
424 1000 48 1.99579 2
425 1000 48 1.99575 2
426 1000 48 1.99572 2
427 1000 48 1.99569 2
428 1000 48 1.99566 2
429 1000 48 1.99562 2
430 1000 48 1.99559 2
431 1000 48 1.99556 2
432 1000 48 1.99552 2
433 1000 48 1.99549 2
434 1000 48 1.99546 2
435 1000 48 1.99542 2
436 1000 48 1.99539 2
437 1000 48 1.99536 2
438 1000 48 1.99532 2
439 1000 48 1.99529 2
440 1000 48 1.99525 2
441 1000 48 1.99522 2
442 1000 48 1.99519 2
443 1000 48 1.99515 2
444 1000 48 1.99512 2
445 1000 48 1.99508 2
446 1000 48 1.99505 2
447 1000 48 1.99502 2
448 1000 48 1.99498 2
449 1000 48 1.99495 2
450 1000 48 1.99491 2
451 1000 48 1.99488 2
452 1000 48 1.99484 2
453 1000 48 1.99481 2
454 1000 48 1.99477 2
455 1000 48 1.99474 2
456 1000 48 1.9947 2
457 1000 48 1.99467 2
458 1000 48 1.99463 2
459 1000 48 1.9946 2
460 1000 48 1.99456 2
461 1000 48 1.99453 2
462 1000 48 1.99449 2
463 1000 48 1.99446 2
464 1000 48 1.99442 2
465 1000 48 1.99439 2
466 1000 48 1.99435 2
467 1000 48 1.99432 2
468 1000 48 1.99428 2
469 1000 48 1.99424 2
470 1000 48 1.99421 2
471 1000 48 1.99417 2
472 1000 48 1.99414 2
473 1000 48 1.9941 2
474 1000 48 1.99406 2
475 1000 48 1.99403 2
476 1000 48 1.99399 2
477 1000 48 1.99396 2
478 1000 48 1.99392 2
479 1000 48 1.99388 2
480 1000 48 1.99385 2
481 1000 48 1.99381 2
482 1000 48 1.99378 2
483 1000 48 1.99374 2
484 1000 48 1.9937 2
485 1000 48 1.99367 2
486 1000 48 1.99363 2
487 1000 48 1.99359 2
488 1000 48 1.99356 2
489 1000 48 1.99352 2
490 1000 48 1.99348 2
491 1000 48 1.99345 2
492 1000 48 1.99341 2
493 1000 48 1.99337 2
494 1000 48 1.99334 2
495 1000 48 1.9933 2
496 1000 48 1.99326 2
497 1000 48 1.99323 2
498 1000 48 1.99319 2
499 1000 48 1.99315 2
500 1000 48 1.99311 2
501 1000 48 1.99308 2
502 1000 48 1.99304 2
503 1000 48 1.993 2
504 1000 48 1.99297 2
505 1000 48 1.99293 2
506 1000 48 1.99289 2
507 1000 48 1.99285 2
508 1000 48 1.99282 2
509 1000 48 1.99278 2
510 1000 48 1.99274 2
511 1000 48 1.9927 2
512 1000 48 1.99267 2
513 1000 48 1.99263 2
514 1000 48 1.99259 2
515 1000 48 1.99255 2
516 1000 48 1.99252 2
517 1000 48 1.99248 2
518 1000 48 1.99244 2
519 1000 48 1.9924 2
520 1000 48 1.99237 2
521 1000 48 1.99233 2
522 1000 48 1.99229 2
523 1000 48 1.99225 2
524 1000 48 1.99222 2
525 1000 48 1.99218 2
526 1000 48 1.99214 2
527 1000 48 1.9921 2
528 1000 48 1.99206 2
529 1000 48 1.99203 2
530 1000 48 1.99199 2
531 1000 48 1.99195 2
532 1000 48 1.99191 2
533 1000 48 1.99188 2
534 1000 48 1.99184 2
535 1000 48 1.9918 2
536 1000 48 1.99176 2
537 1000 48 1.99172 2
538 1000 48 1.99169 2
539 1000 48 1.99165 2
540 1000 48 1.99161 2
541 1000 48 1.99157 2
542 1000 48 1.99153 2
543 1000 48 1.99149 2
544 1000 48 1.99146 2
545 1000 48 1.99142 2
546 1000 48 1.99138 2
547 1000 48 1.99134 2
548 1000 48 1.9913 2
549 1000 48 1.99127 2
550 1000 48 1.99123 2
551 1000 48 1.99119 2
552 1000 48 1.99115 2
553 1000 48 1.99111 2
554 1000 48 1.99108 2
555 1000 48 1.99104 2
556 1000 48 1.991 2
557 1000 48 1.99096 2
558 1000 48 1.99092 2
559 1000 48 1.99088 2
560 1000 48 1.99085 2
561 1000 48 1.99081 2
562 1000 48 1.99077 2
563 1000 48 1.99073 2
564 1000 48 1.99069 2
565 1000 48 1.99065 2
566 1000 48 1.99062 2
567 1000 48 1.99058 2
568 1000 48 1.99054 2
569 1000 48 1.9905 2
570 1000 48 1.99046 2
571 1000 48 1.99042 2
572 1000 48 1.99039 2
573 1000 48 1.99035 2
574 1000 48 1.99031 2
575 1000 48 1.99027 2
576 1000 48 1.99023 2
577 1000 48 1.99019 2
578 1000 48 1.99016 2
579 1000 48 1.99012 2
580 1000 48 1.99008 2
581 1000 48 1.99004 2
582 1000 48 1.99 2
583 1000 48 1.98996 2
584 1000 48 1.98993 2
585 1000 48 1.98989 2
586 1000 48 1.98985 2
587 1000 48 1.98981 2
588 1000 48 1.98977 2
589 1000 48 1.98973 2
590 1000 49 1.9897 2
591 1000 49 1.98966 2
592 1000 49 1.98962 2
593 1000 49 1.98958 2
594 1000 49 1.98954 2
595 1000 49 1.9895 2
596 1000 49 1.98947 2
597 1000 49 1.98943 2
598 1000 49 1.98939 2
599 1000 49 1.98935 2
600 1000 49 1.98931 2
601 1000 49 1.98927 2
602 1000 49 1.98924 2
603 1000 49 1.9892 2
604 1000 49 1.98916 2
605 1000 49 1.98912 2
606 1000 49 1.98908 2
607 1000 49 1.98904 2
608 1000 49 1.98901 2
609 1000 49 1.98897 2
610 1000 49 1.98893 2
611 1000 49 1.98889 2
612 1000 49 1.98885 2
613 1000 49 1.98882 2
614 1000 49 1.98878 2
615 1000 49 1.98874 2
616 1000 49 1.9887 2
617 1000 49 1.98866 2
618 1000 49 1.98862 2
619 1000 49 1.98859 2
620 1000 49 1.98855 2
621 1000 49 1.98851 2
622 1000 49 1.98847 2
623 1000 49 1.98843 2
624 1000 49 1.9884 2
625 1000 49 1.98836 2
626 1000 49 1.98832 2
627 1000 49 1.98828 2
628 1000 49 1.98824 2
629 1000 49 1.98821 2
630 1000 49 1.98817 2
631 1000 49 1.98813 2
632 1000 49 1.98809 2
633 1000 49 1.98805 2
634 1000 49 1.98802 2
635 1000 49 1.98798 2
636 1000 49 1.98794 2
637 1000 49 1.9879 2
638 1000 49 1.98786 2
639 1000 49 1.98783 2
640 1000 49 1.98779 2
641 1000 49 1.98775 2
642 1000 49 1.98771 2
643 1000 49 1.98767 2
644 1000 49 1.98764 2
645 1000 49 1.9876 2
646 1000 49 1.98756 2
647 1000 49 1.98752 2
648 1000 49 1.98749 2
649 1000 49 1.98745 2
650 1000 49 1.98741 2
651 1000 49 1.98737 2
652 1000 49 1.98734 2
653 1000 49 1.9873 2
654 1000 49 1.98726 2
655 1000 49 1.98722 2
656 1000 49 1.98718 2
657 1000 49 1.98715 2
658 1000 49 1.98711 2
659 1000 49 1.98707 2
660 1000 49 1.98703 2
661 1000 49 1.987 2
662 1000 49 1.98696 2
663 1000 49 1.98692 2
664 1000 49 1.98688 2
665 1000 49 1.98685 2
666 1000 49 1.98681 2
667 1000 49 1.98677 2
668 1000 49 1.98673 2
669 1000 49 1.9867 2
670 1000 49 1.98666 2
671 1000 49 1.98662 2
672 1000 49 1.98659 2
673 1000 49 1.98655 2
674 1000 49 1.98651 2
675 1000 49 1.98647 2
676 1000 49 1.98644 2
677 1000 49 1.9864 2
678 1000 49 1.98636 2
679 1000 49 1.98633 2
680 1000 49 1.98629 2
681 1000 49 1.98625 2
682 1000 49 1.98621 2
683 1000 49 1.98618 2
684 1000 49 1.98614 2
685 1000 49 1.9861 2
686 1000 49 1.98607 2
687 1000 49 1.98603 2
688 1000 49 1.98599 2
689 1000 49 1.98595 2
690 1000 49 1.98592 2
691 1000 49 1.98588 2
692 1000 49 1.98584 2
693 1000 49 1.98581 2
694 1000 49 1.98577 2
695 1000 49 1.98573 2
696 1000 49 1.9857 2
697 1000 49 1.98566 2
698 1000 49 1.98562 2
699 1000 49 1.98559 2
700 1000 49 1.98555 2
701 1000 49 1.98551 2
702 1000 49 1.98548 2
703 1000 49 1.98544 2
704 1000 49 1.9854 2
705 1000 49 1.98537 2
706 1000 49 1.98533 2
707 1000 49 1.98529 2
708 1000 49 1.98526 2
709 1000 49 1.98522 2
710 1000 49 1.98518 2
711 1000 49 1.98515 2
712 1000 49 1.98511 2
713 1000 49 1.98508 2
714 1000 49 1.98504 2
715 1000 49 1.985 2
716 1000 49 1.98497 2
717 1000 49 1.98493 2
718 1000 49 1.98489 2
719 1000 49 1.98486 2
720 1000 49 1.98482 2
721 1000 49 1.98478 2
722 1000 49 1.98475 2
723 1000 49 1.98471 2
724 1000 49 1.98468 2
725 1000 49 1.98464 2
726 1000 49 1.9846 2
727 1000 49 1.98457 2
728 1000 49 1.98453 2
729 1000 49 1.9845 2
730 1000 49 1.98446 2
731 1000 49 1.98442 2
732 1000 49 1.98439 2
733 1000 49 1.98435 2
734 1000 49 1.98432 2
735 1000 49 1.98428 2
736 1000 49 1.98425 2
737 1000 49 1.98421 2
738 1000 49 1.98417 2
739 1000 49 1.98414 2
740 1000 49 1.9841 2
741 1000 49 1.98407 2
742 1000 49 1.98403 2
743 1000 49 1.984 2
744 1000 49 1.98396 2
745 1000 49 1.98392 2
746 1000 49 1.98389 2
747 1000 49 1.98385 2
748 1000 49 1.98382 2
749 1000 49 1.98378 2
750 1000 49 1.98375 2
751 1000 49 1.98371 2
752 1000 49 1.98368 2
753 1000 49 1.98364 2
754 1000 49 1.98361 2
755 1000 49 1.98357 2
756 1000 49 1.98353 2
757 1000 49 1.9835 2
758 1000 49 1.98346 2
759 1000 49 1.98343 2
760 1000 49 1.98339 2
761 1000 49 1.98336 2
762 1000 49 1.98332 2
763 1000 49 1.98329 2
764 1000 49 1.98325 2
765 1000 49 1.98322 2
766 1000 49 1.98318 2
767 1000 49 1.98315 2
768 1000 49 1.98311 2
769 1000 49 1.98308 2
770 1000 49 1.98304 2
771 1000 49 1.98301 2
772 1000 49 1.98297 2
773 1000 49 1.98294 2
774 1000 49 1.9829 2
775 1000 49 1.98287 2
776 1000 49 1.98283 2
777 1000 49 1.9828 2
778 1000 49 1.98276 2
779 1000 49 1.98273 2
780 1000 49 1.9827 2
781 1000 49 1.98266 2
782 1000 49 1.98263 2
783 1000 49 1.98259 2
784 1000 49 1.98256 2
785 1000 49 1.98252 2
786 1000 49 1.98249 2
787 1000 49 1.98245 2
788 1000 49 1.98242 2
789 1000 49 1.98238 2
790 1000 49 1.98235 2
791 1000 49 1.98232 2
792 1000 49 1.98228 2
793 1000 49 1.98225 2
794 1000 49 1.98221 2
795 1000 49 1.98218 2
796 1000 49 1.98214 2
797 1000 49 1.98211 2
798 1000 49 1.98208 2
799 1000 49 1.98204 2
800 1000 49 1.98201 2
801 1000 49 1.98197 2
802 1000 49 1.98194 2
803 1000 49 1.98191 2
804 1000 49 1.98187 2
805 1000 49 1.98184 2
806 1000 49 1.9818 2
807 1000 49 1.98177 2
808 1000 49 1.98174 2
809 1000 49 1.9817 2
810 1000 49 1.98167 2
811 1000 49 1.98163 2
812 1000 49 1.9816 2
813 1000 49 1.98157 2
814 1000 49 1.98153 2
815 1000 49 1.9815 2
816 1000 49 1.98147 2
817 1000 49 1.98143 2
818 1000 49 1.9814 2
819 1000 49 1.98136 2
820 1000 49 1.98133 2
821 1000 49 1.9813 2
822 1000 49 1.98126 2
823 1000 49 1.98123 2
824 1000 49 1.9812 2
825 1000 49 1.98116 2
826 1000 49 1.98113 2
827 1000 49 1.9811 2
828 1000 49 1.98106 2
829 1000 49 1.98103 2
830 1000 49 1.981 2
831 1000 49 1.98096 2
832 1000 49 1.98093 2
833 1000 49 1.9809 2
834 1000 49 1.98086 2
835 1000 49 1.98083 2
836 1000 49 1.9808 2
837 1000 49 1.98076 2
838 1000 49 1.98073 2
839 1000 49 1.9807 2
840 1000 49 1.98067 2
841 1000 49 1.98063 2
842 1000 49 1.9806 2
843 1000 49 1.98057 2
844 1000 49 1.98053 2
845 1000 49 1.9805 2
846 1000 49 1.98047 2
847 1000 49 1.98043 2
848 1000 49 1.9804 2
849 1000 49 1.98037 2
850 1000 49 1.98034 2
851 1000 49 1.9803 2
852 1000 49 1.98027 2
853 1000 49 1.98024 2
854 1000 49 1.98021 2
855 1000 49 1.98017 2
856 1000 49 1.98014 2
857 1000 49 1.98011 2
858 1000 49 1.98008 2
859 1000 49 1.98004 2
860 1000 49 1.98001 2
861 1000 49 1.97998 2
862 1000 49 1.97994 2
863 1000 49 1.97991 2
864 1000 49 1.97988 2
865 1000 49 1.97985 2
866 1000 49 1.97982 2
867 1000 49 1.97978 2
868 1000 49 1.97975 2
869 1000 49 1.97972 2
870 1000 49 1.97969 2
871 1000 49 1.97965 2
872 1000 49 1.97962 2
873 1000 49 1.97959 2
874 1000 49 1.97956 2
875 1000 49 1.97953 2
876 1000 49 1.97949 2
877 1000 49 1.97946 2
878 1000 49 1.97943 2
879 1000 49 1.9794 2
880 1000 49 1.97936 2
881 1000 49 1.97933 2
882 1000 49 1.9793 2
883 1000 49 1.97927 2
884 1000 49 1.97924 2
885 1000 50 1.97921 2
886 1000 50 1.97917 2
887 1000 50 1.97914 2
888 1000 50 1.97911 2
889 1000 50 1.97908 2
890 1000 50 1.97905 2
891 1000 50 1.97901 2
892 1000 50 1.97898 2
893 1000 50 1.97895 2
894 1000 50 1.97892 2
895 1000 50 1.97889 2
896 1000 50 1.97886 2
897 1000 50 1.97882 2
898 1000 50 1.97879 2
899 1000 50 1.97876 2
900 1000 50 1.97873 2
901 1000 50 1.9787 2
902 1000 50 1.97867 2
903 1000 50 1.97864 2
904 1000 50 1.9786 2
905 1000 50 1.97857 2
906 1000 50 1.97854 2
907 1000 50 1.97851 2
908 1000 50 1.97848 2
909 1000 50 1.97845 2
910 1000 50 1.97842 2
911 1000 50 1.97838 2
912 1000 50 1.97835 2
913 1000 50 1.97832 2
914 1000 50 1.97829 2
915 1000 50 1.97826 2
916 1000 50 1.97823 2
917 1000 50 1.9782 2
918 1000 50 1.97817 2
919 1000 50 1.97814 2
920 1000 50 1.9781 2
921 1000 50 1.97807 2
922 1000 50 1.97804 2
923 1000 50 1.97801 2
924 1000 50 1.97798 2
925 1000 50 1.97795 2
926 1000 50 1.97792 2
927 1000 50 1.97789 2
928 1000 50 1.97786 2
929 1000 50 1.97783 2
930 1000 50 1.9778 2
931 1000 50 1.97776 2
932 1000 50 1.97773 2
933 1000 50 1.9777 2
934 1000 50 1.97767 2
935 1000 50 1.97764 2
936 1000 50 1.97761 2
937 1000 50 1.97758 2
938 1000 50 1.97755 2
939 1000 50 1.97752 2
940 1000 50 1.97749 2
941 1000 50 1.97746 2
942 1000 50 1.97743 2
943 1000 50 1.9774 2
944 1000 50 1.97737 2
945 1000 50 1.97734 2
946 1000 50 1.97731 2
947 1000 50 1.97728 2
948 1000 50 1.97725 2
949 1000 50 1.97721 2
950 1000 50 1.97718 2
951 1000 50 1.97715 2
952 1000 50 1.97712 2
953 1000 50 1.97709 2
954 1000 50 1.97706 2
955 1000 50 1.97703 2
956 1000 50 1.977 2
957 1000 50 1.97697 2
958 1000 50 1.97694 2
959 1000 50 1.97691 2
960 1000 50 1.97688 2
961 1000 50 1.97685 2
962 1000 50 1.97682 2
963 1000 50 1.97679 2
964 1000 50 1.97676 2
965 1000 50 1.97673 2
966 1000 50 1.9767 2
967 1000 50 1.97667 2
968 1000 50 1.97664 2
969 1000 50 1.97661 2
970 1000 50 1.97658 2
971 1000 50 1.97655 2
972 1000 50 1.97652 2
973 1000 50 1.97649 2
974 1000 50 1.97646 2
975 1000 50 1.97643 2
976 1000 50 1.9764 2
977 1000 50 1.97637 2
978 1000 50 1.97634 2
979 1000 50 1.97631 2
980 1000 50 1.97628 2
981 1000 50 1.97625 2
982 1000 50 1.97623 2
983 1000 50 1.9762 2
984 1000 50 1.97617 2
985 1000 50 1.97614 2
986 1000 50 1.97611 2
987 1000 50 1.97608 2
988 1000 50 1.97605 2
989 1000 50 1.97602 2
990 1000 50 1.97599 2
991 1000 50 1.97596 2
992 1000 50 1.97593 2
993 1000 50 1.9759 2
994 1000 50 1.97587 2
995 1000 50 1.97584 2
996 1000 50 1.97581 2
997 1000 50 1.97578 2
998 1000 50 1.97575 2
999 1000 50 1.97572 2
