#RK12
0 0 0
0.0208826 0.0208826 0.999782
0.041002 0.0409934 0.999159
0.0606587 0.0606257 0.998161
0.0800317 0.0799516 0.996799
0.0992293 0.0990731 0.99508
0.118318 0.11805 0.993008
0.13734 0.136917 0.990583
0.156319 0.155693 0.987806
0.175271 0.174386 0.984677
0.194208 0.193001 0.981199
0.213134 0.211537 0.97737
0.232054 0.229991 0.973193
0.250969 0.248358 0.968668
0.269883 0.266635 0.963798
0.288794 0.284814 0.958583
0.307705 0.30289 0.953026
0.326615 0.320858 0.947128
0.345525 0.338711 0.940891
0.364434 0.356442 0.934318
0.383343 0.374045 0.927411
0.402253 0.391515 0.920172
0.421162 0.408845 0.912604
0.440071 0.426028 0.90471
0.45898 0.443059 0.896493
0.477889 0.459932 0.887955
0.496798 0.47664 0.879099
0.515707 0.493178 0.869929
0.534616 0.509539 0.860448
0.553525 0.525718 0.850659
0.572434 0.541709 0.840566
0.591343 0.557507 0.830173
0.610252 0.573105 0.819483
0.629161 0.588498 0.808499
0.648071 0.603681 0.797227
0.66698 0.618648 0.785669
0.685889 0.633393 0.773831
0.704798 0.647913 0.761715
0.723707 0.6622 0.749328
0.742616 0.676251 0.736672
0.761525 0.69006 0.723753
0.780434 0.703622 0.710576
0.799343 0.716932 0.697144
0.818252 0.729986 0.683463
0.837161 0.74278 0.669537
0.85607 0.755307 0.655372
0.874979 0.767565 0.640973
0.893888 0.779547 0.626344
0.912797 0.791252 0.611492
0.931706 0.802673 0.596421
0.950615 0.813807 0.581136
0.969524 0.82465 0.565644
0.988433 0.835199 0.54995
1.00734 0.845449 0.534059
1.02625 0.855396 0.517976
1.04516 0.865037 0.501709
1.06407 0.87437 0.485262
1.08298 0.883389 0.468642
1.10189 0.892093 0.451854
1.1208 0.900477 0.434905
1.13971 0.90854 0.4178
1.15861 0.916278 0.400546
1.17752 0.923688 0.383148
1.19643 0.930768 0.365614
1.21534 0.937515 0.347948
1.23425 0.943927 0.330159
1.25316 0.950001 0.312251
1.27207 0.955735 0.294231
1.29098 0.961128 0.276107
1.30989 0.966177 0.257883
1.3288 0.970881 0.239568
1.34771 0.975237 0.221166
1.36661 0.979245 0.202686
1.38552 0.982902 0.184133
1.40443 0.986209 0.165515
1.42334 0.989162 0.146837
1.44225 0.991762 0.128106
1.46116 0.994007 0.10933
1.48007 0.995896 0.090515
1.49898 0.99743 0.0716674
1.51789 0.998607 0.0527941
1.5368 0.999426 0.033902
1.5557 0.999889 0.0149977
1.57461 0.999994 -0.0039119
1.59352 0.999741 -0.0228201
1.61243 0.999131 -0.0417202
1.63134 0.998163 -0.0606053
1.65025 0.996839 -0.0794688
1.66916 0.995158 -0.0983039
1.68807 0.993121 -0.117104
1.70698 0.990729 -0.135862
1.72589 0.987983 -0.154571
1.7448 0.984884 -0.173225
1.7637 0.981432 -0.191818
1.78261 0.97763 -0.210341
1.80152 0.973477 -0.22879
1.82043 0.968977 -0.247156
1.83934 0.96413 -0.265435
1.85825 0.958939 -0.283618
1.87716 0.953405 -0.3017
1.89607 0.947529 -0.319674
1.91498 0.941315 -0.337534
1.93389 0.934764 -0.355273
1.95279 0.92788 -0.372885
1.9717 0.920663 -0.390363
1.99061 0.913117 -0.407702
2.00952 0.905244 -0.424896
2.02843 0.897048 -0.441937
2.04734 0.888531 -0.45882
2.06625 0.879696 -0.47554
2.08516 0.870547 -0.492089
2.10407 0.861087 -0.508462
2.12298 0.851318 -0.524653
2.14188 0.841245 -0.540657
2.16079 0.830871 -0.556468
2.1797 0.820201 -0.572079
2.19861 0.809237 -0.587486
2.21752 0.797983 -0.602683
2.23643 0.786444 -0.617664
2.25534 0.774624 -0.632425
2.27425 0.762527 -0.646959
2.29316 0.750158 -0.661262
2.31207 0.73752 -0.675329
2.33098 0.724618 -0.689154
2.34988 0.711457 -0.702732
2.36879 0.698042 -0.71606
2.3877 0.684377 -0.729131
2.40661 0.670468 -0.741942
2.42552 0.656318 -0.754487
2.44443 0.641934 -0.766762
2.46334 0.627321 -0.778764
2.48225 0.612483 -0.790486
2.50116 0.597426 -0.801926
2.52007 0.582156 -0.81308
2.53897 0.566677 -0.823943
2.55788 0.550996 -0.834511
2.57679 0.535118 -0.84478
2.5957 0.519048 -0.854748
2.61461 0.502793 -0.86441
2.63352 0.486358 -0.873762
2.65243 0.469749 -0.882803
2.67134 0.452972 -0.891527
2.69025 0.436033 -0.899933
2.70916 0.418938 -0.908017
2.72807 0.401693 -0.915777
2.74697 0.384305 -0.923209
2.76588 0.366779 -0.93031
2.78479 0.349123 -0.93708
2.8037 0.331341 -0.943514
2.82261 0.313441 -0.94961
2.84152 0.295429 -0.955367
2.86043 0.277311 -0.960783
2.87934 0.259094 -0.965855
2.89825 0.240784 -0.970581
2.91716 0.222388 -0.974961
2.93606 0.203913 -0.978992
2.95497 0.185365 -0.982672
2.97388 0.16675 -0.986002
2.99279 0.148076 -0.988979
3.0117 0.129349 -0.991602
3.03061 0.110575 -0.99387
3.04952 0.0917625 -0.995784
3.06843 0.0729168 -0.997341
3.08734 0.054045 -0.998541
3.10625 0.0351539 -0.999385
3.12515 0.0162502 -0.999871
3.14406 -0.00265929 -0.999999
3.16297 -0.0215678 -0.99977
3.18188 -0.0404687 -0.999184
3.20079 -0.059355 -0.99824
3.2197 -0.0782202 -0.996939
3.23861 -0.0970573 -0.995282
3.25752 -0.11586 -0.993268
3.27643 -0.134621 -0.9909
3.29534 -0.153334 -0.988177
3.31425 -0.171992 -0.985101
3.33315 -0.190588 -0.981673
3.35206 -0.209117 -0.977894
3.37097 -0.22757 -0.973765
3.38988 -0.245943 -0.969287
3.40879 -0.264227 -0.964464
3.4277 -0.282417 -0.959295
3.44661 -0.300506 -0.953783
3.46552 -0.318487 -0.94793
3.48443 -0.336355 -0.941739
3.50334 -0.354102 -0.93521
3.52224 -0.371722 -0.928347
3.54115 -0.38921 -0.921152
3.56006 -0.406559 -0.913628
3.57897 -0.423762 -0.905777
3.59788 -0.440813 -0.897602
3.61679 -0.457707 -0.889106
3.6357 -0.474438 -0.880293
3.65461 -0.490998 -0.871164
3.67352 -0.507383 -0.861724
3.69243 -0.523587 -0.851976
3.71133 -0.539603 -0.841923
3.73024 -0.555427 -0.831569
3.74915 -0.571052 -0.820918
3.76806 -0.586473 -0.809973
3.78697 -0.601683 -0.798739
3.80588 -0.616679 -0.787219
3.82479 -0.631455 -0.775417
3.8437 -0.646004 -0.763338
3.86261 -0.660323 -0.750986
3.88152 -0.674405 -0.738366
3.90043 -0.688246 -0.725482
3.91933 -0.701841 -0.712338
3.93824 -0.715185 -0.69894
3.95715 -0.728274 -0.685291
3.97606 -0.741102 -0.671398
3.99497 -0.753665 -0.657264
4.01388 -0.765958 -0.642896
4.03279 -0.777978 -0.628297
4.0517 -0.789719 -0.613474
4.07061 -0.801178 -0.598431
4.08952 -0.812351 -0.583175
4.10842 -0.823233 -0.56771
4.12733 -0.833821 -0.552042
4.14624 -0.84411 -0.536176
4.16515 -0.854098 -0.520119
4.18406 -0.86378 -0.503876
4.20297 -0.873153 -0.487453
4.22188 -0.882215 -0.470855
4.24079 -0.89096 -0.454089
4.2597 -0.899387 -0.437161
4.27861 -0.907493 -0.420076
4.29751 -0.915274 -0.402841
4.31642 -0.922728 -0.385462
4.33533 -0.929851 -0.367946
4.35424 -0.936643 -0.350297
4.37315 -0.943099 -0.332524
4.39206 -0.949218 -0.314631
4.41097 -0.954998 -0.296626
4.42988 -0.960436 -0.278515
4.44879 -0.965531 -0.260304
4.4677 -0.97028 -0.242
4.48661 -0.974683 -0.22361
4.50551 -0.978737 -0.20514
4.52442 -0.982441 -0.186596
4.54333 -0.985793 -0.167986
4.56224 -0.988794 -0.149315
4.58115 -0.99144 -0.130592
4.60006 -0.993732 -0.111821
4.61897 -0.995669 -0.0930105
4.63788 -0.99725 -0.0741668
4.65679 -0.998474 -0.0552965
4.6757 -0.999341 -0.0364064
4.6946 -0.999851 -0.0175034
4.71351 -1 0.00140597
4.73242 -0.999798 0.0203148
4.75133 -0.999235 0.0392164
4.77024 -0.998315 0.0581039
4.78915 -0.997037 0.0769707
4.80806 -0.995404 0.0958099
4.82697 -0.993414 0.114615
4.84588 -0.991069 0.133379
4.86479 -0.98837 0.152095
4.88369 -0.985317 0.170757
4.9026 -0.981912 0.189358
4.92151 -0.978156 0.207891
4.94042 -0.97405 0.22635
4.95933 -0.969596 0.244728
4.97824 -0.964795 0.263018
4.99715 -0.959649 0.281215
5.01606 -0.95416 0.29931
5.03497 -0.94833 0.317299
5.05388 -0.942161 0.335174
5.07278 -0.935654 0.35293
5.09169 -0.928814 0.370559
5.1106 -0.921641 0.388056
5.12951 -0.914138 0.405414
5.14842 -0.906309 0.422627
5.16733 -0.898155 0.439688
5.18624 -0.889681 0.456593
5.20515 -0.880888 0.473334
5.22406 -0.87178 0.489907
5.24297 -0.862361 0.506303
5.26188 -0.852633 0.522519
5.28078 -0.8426 0.538548
5.29969 -0.832266 0.554385
5.3186 -0.821634 0.570023
5.33751 -0.810709 0.585457
5.35642 -0.799493 0.600682
5.37533 -0.787992 0.615693
5.39424 -0.776209 0.630483
5.41315 -0.764149 0.645047
5.43206 -0.751815 0.659381
5.45097 -0.739212 0.67348
5.46987 -0.726345 0.687337
5.48878 -0.713218 0.700949
5.50769 -0.699837 0.71431
5.5266 -0.686205 0.727415
5.54551 -0.672327 0.740261
5.56442 -0.658209 0.752841
5.58333 -0.643856 0.765153
5.60224 -0.629273 0.777191
5.62115 -0.614464 0.788951
5.64006 -0.599436 0.800428
5.65896 -0.584194 0.81162
5.67787 -0.568742 0.822522
5.69678 -0.553088 0.833129
5.71569 -0.537235 0.843438
5.7346 -0.52119 0.853446
5.75351 -0.504959 0.863149
5.77242 -0.488548 0.872543
5.79133 -0.471962 0.881625
5.81024 -0.455207 0.890391
5.82915 -0.438289 0.89884
5.84805 -0.421214 0.906967
5.86696 -0.403989 0.914769
5.88587 -0.386619 0.922245
5.90478 -0.369112 0.92939
5.92369 -0.351472 0.936204
5.9426 -0.333706 0.942682
5.96151 -0.315821 0.948824
5.98042 -0.297824 0.954626
5.99933 -0.279719 0.960087
6.01824 -0.261515 0.965205
6.03714 -0.243217 0.969977
6.05605 -0.224832 0.974403
6.07496 -0.206367 0.97848
6.09387 -0.187828 0.982207
6.11278 -0.169222 0.985583
6.13169 -0.150555 0.988607
6.1506 -0.131835 0.991277
6.16951 -0.113067 0.993593
6.18842 -0.0942591 0.995553
6.20733 -0.0754174 0.997157
6.22624 -0.0565486 0.998405
6.24514 -0.0376596 0.999296
6.26405 -0.0187572 0.999829


#RK45
0 0 0
0.018909 0.0189079 0.999821
0.805478 0.721202 0.692977
1.66602 0.995964 -0.0947748
2.51528 0.587043 -0.810459
3.36618 -0.222167 -0.976036
4.2168 -0.880337 -0.477024
5.06743 -0.939494 0.347042
5.91804 -0.359055 0.935258


#RK2
0 0 0
0.0441253 0.0441253 0.999026
0.0863883 0.0863078 0.996269
0.127528 0.127221 0.991876
0.16798 0.16724 0.985918
0.208008 0.206571 0.978434
0.247775 0.245316 0.969445
0.287377 0.283517 0.95897
0.326879 0.321176 0.947023
0.366316 0.358275 0.93362
0.405715 0.39478 0.91878
0.445088 0.430649 0.902524
0.484446 0.465837 0.884875
0.523795 0.500295 0.86586
0.563137 0.533973 0.845507
0.602476 0.566821 0.823847
0.641812 0.598789 0.800913
0.681147 0.62983 0.77674
0.720481 0.659895 0.751366
0.759814 0.688938 0.724829
0.799147 0.716915 0.69717
0.83848 0.743782 0.668432
0.877812 0.769498 0.638661
0.917145 0.794023 0.6079
0.956477 0.817319 0.576199
0.99581 0.83935 0.543606
1.03514 0.860082 0.510172
1.07447 0.879483 0.475949
1.11381 0.897523 0.440988
1.15314 0.914173 0.405346
1.19247 0.929409 0.369076
1.2318 0.943207 0.332234
1.27114 0.955545 0.294879
1.31047 0.966404 0.257067
1.3498 0.975768 0.218857
1.38913 0.983621 0.180309
1.42847 0.989952 0.141481
1.4678 0.994751 0.102435
1.50713 0.998011 0.0632297
1.54646 0.999726 0.0239267
1.58579 0.999894 -0.0154133
1.62513 0.998514 -0.0547294
1.66446 0.995589 -0.0939609
1.70379 0.991123 -0.133047
1.74312 0.985123 -0.171927
1.78246 0.977599 -0.210541
1.82179 0.968562 -0.24883
1.86112 0.958026 -0.286733
1.90045 0.946007 -0.324192
1.93978 0.932524 -0.36115
1.97912 0.917598 -0.397549
2.01845 0.901251 -0.433333
2.05778 0.88351 -0.468446
2.09711 0.864402 -0.502834
2.13645 0.843956 -0.536444
2.17578 0.822203 -0.569223
2.21511 0.799179 -0.601122
2.25444 0.774917 -0.632091
2.29377 0.749456 -0.662081
2.33311 0.722835 -0.691047
2.37244 0.695096 -0.718943
2.41177 0.666281 -0.745726
2.4511 0.636434 -0.771356
2.49044 0.605603 -0.795791
2.52977 0.573834 -0.818995
2.5691 0.541177 -0.840932
2.60843 0.507683 -0.861567
2.64776 0.473403 -0.880869
2.6871 0.43839 -0.898808
2.72643 0.402699 -0.915355
2.76576 0.366385 -0.930486
2.80509 0.329503 -0.944177
2.84442 0.292112 -0.956407
2.88376 0.254269 -0.967157
2.92309 0.216032 -0.976409
2.96242 0.17746 -0.984151
3.00175 0.138614 -0.99037
3.04109 0.0995537 -0.995056
3.08042 0.060339 -0.998202
3.11975 0.0210309 -0.999803
3.15908 -0.0183097 -0.999857
3.19841 -0.057622 -0.998363
3.23775 -0.0968451 -0.995325
3.27708 -0.135918 -0.990746
3.31641 -0.174781 -0.984633
3.35574 -0.213374 -0.976997
3.39507 -0.251636 -0.967849
3.43441 -0.289509 -0.957203
3.47374 -0.326934 -0.945076
3.51307 -0.363853 -0.931486
3.5524 -0.400209 -0.916454
3.59173 -0.435945 -0.900004
3.63107 -0.471007 -0.882161
3.6704 -0.50534 -0.862953
3.70973 -0.538891 -0.84241
3.74906 -0.571607 -0.820562
3.78839 -0.60344 -0.797445
3.82773 -0.634338 -0.773094
3.86706 -0.664255 -0.747546
3.90639 -0.693143 -0.720841
3.94572 -0.720959 -0.693021
3.98505 -0.74766 -0.664128
4.02439 -0.773203 -0.634207
4.06372 -0.79755 -0.603305
4.10305 -0.820662 -0.571469
4.14238 -0.842504 -0.538749
4.18172 -0.863042 -0.505195
4.22105 -0.882245 -0.470859
4.26038 -0.900083 -0.435794
4.29971 -0.916527 -0.400055
4.33904 -0.931553 -0.363697
4.37838 -0.945137 -0.326776
4.41771 -0.957259 -0.289349
4.45704 -0.967899 -0.251474
4.49637 -0.977042 -0.21321
4.5357 -0.984672 -0.174616
4.57503 -0.990778 -0.135752
4.61437 -0.995351 -0.0966779
4.6537 -0.998384 -0.057454
4.69303 -0.999871 -0.0181412
4.73236 -0.999812 0.0211997
4.77169 -0.998204 0.0605079
4.81103 -0.995052 0.0997224
4.85036 -0.99036 0.138783
4.88969 -0.984136 0.177628
4.92902 -0.976388 0.216199
4.96835 -0.967129 0.254435
5.00769 -0.956374 0.292277
5.04702 -0.944138 0.329667
5.08635 -0.930442 0.366547
5.12568 -0.915305 0.402859
5.16501 -0.898752 0.438548
5.20435 -0.880808 0.473559
5.24368 -0.8615 0.507836
5.28301 -0.84086 0.541328
5.32234 -0.818918 0.573982
5.36167 -0.795709 0.605747
5.40101 -0.771268 0.636575
5.44034 -0.745634 0.666418
5.47967 -0.718846 0.69523
5.519 -0.690945 0.722966
5.55833 -0.661975 0.749583
5.59766 -0.63198 0.77504
5.637 -0.601008 0.799297
5.67633 -0.569105 0.822318
5.71566 -0.536321 0.844066
5.75499 -0.502708 0.864507
5.79432 -0.468316 0.883611
5.83366 -0.4332 0.901347
5.87299 -0.397413 0.917689
5.91232 -0.361012 0.93261
5.95165 -0.324051 0.946088
5.99098 -0.286589 0.958101
6.03031 -0.248684 0.968632
6.06965 -0.210393 0.977664
6.10898 -0.171777 0.985183
6.14831 -0.132895 0.991178
6.18764 -0.0938076 0.995638
6.22697 -0.0545748 0.998557
6.26631 -0.0152575 0.999932


#RK5
0 0 0
0.0393318 0.0393217 0.999227
0.109848 0.109627 0.993973
0.211405 0.209833 0.977737
0.338947 0.332495 0.943105
0.485983 0.467078 0.884216
0.646663 0.602527 0.798099
0.816486 0.728744 0.684787
0.992269 0.837269 0.546792
1.17187 0.92148 0.388427
1.3539 0.97657 0.2152
1.53745 0.999444 0.0333376
1.72196 0.988596 -0.150592
1.90707 0.94399 -0.329974
2.09256 0.866944 -0.498406
2.27827 0.760005 -0.649918
2.46414 0.626814 -0.779169
2.65009 0.471953 -0.881624
2.8361 0.300764 -0.953699
3.02214 0.119165 -0.992875
3.20821 -0.0665691 -0.997782
3.39429 -0.250018 -0.968242
3.58038 -0.424843 -0.905268
3.76648 -0.585003 -0.811032
3.95257 -0.724964 -0.688788
4.13867 -0.839891 -0.542756
4.32478 -0.925814 -0.377981
4.51088 -0.979766 -0.200151
4.69698 -0.999882 -0.0154084
4.88308 -0.985468 0.169866
5.06919 -0.937021 0.349275
5.25529 -0.856215 0.516622
5.44139 -0.745839 0.666127
5.6275 -0.609706 0.792629
5.8136 -0.452518 0.891757
5.9997 -0.279701 0.960088
6.18581 -0.0972254 0.995263


