0 0 0
0.0208826 0.0208826 0.999782
0.041002 0.0409934 0.999159
0.0606587 0.0606257 0.998161
0.0800317 0.0799516 0.996799
0.0992293 0.0990731 0.99508
0.118318 0.11805 0.993008
0.13734 0.136917 0.990583
0.156319 0.155693 0.987806
0.175271 0.174386 0.984677
0.194208 0.193001 0.981199
0.213134 0.211537 0.97737
0.232054 0.229991 0.973193
0.250969 0.248358 0.968668
0.269883 0.266635 0.963798
0.288794 0.284814 0.958583
0.307705 0.30289 0.953026
0.326615 0.320858 0.947128
0.345525 0.338711 0.940891
0.364434 0.356442 0.934318
0.383343 0.374045 0.927411
0.402253 0.391515 0.920172
0.421162 0.408845 0.912604
0.440071 0.426028 0.90471
0.45898 0.443059 0.896493
0.477889 0.459932 0.887955
0.496798 0.47664 0.879099
0.515707 0.493178 0.869929
0.534616 0.509539 0.860448
0.553525 0.525718 0.850659
0.572434 0.541709 0.840566
0.591343 0.557507 0.830173
0.610252 0.573105 0.819483
0.629161 0.588498 0.808499
0.648071 0.603681 0.797227
0.66698 0.618648 0.785669
0.685889 0.633393 0.773831
0.704798 0.647913 0.761715
0.723707 0.6622 0.749328
0.742616 0.676251 0.736672
0.761525 0.69006 0.723753
0.780434 0.703622 0.710576
0.799343 0.716932 0.697144
0.818252 0.729986 0.683463
0.837161 0.74278 0.669537
0.85607 0.755307 0.655372
0.874979 0.767565 0.640973
0.893888 0.779547 0.626344
0.912797 0.791252 0.611492
0.931706 0.802673 0.596421
0.950615 0.813807 0.581136
0.969524 0.82465 0.565644
0.988433 0.835199 0.54995
1.00734 0.845449 0.534059
1.02625 0.855396 0.517976
1.04516 0.865037 0.501709
1.06407 0.87437 0.485262
1.08298 0.883389 0.468642
1.10189 0.892093 0.451854
1.1208 0.900477 0.434905
1.13971 0.90854 0.4178
1.15861 0.916278 0.400546
1.17752 0.923688 0.383148
1.19643 0.930768 0.365614
1.21534 0.937515 0.347948
1.23425 0.943927 0.330159
1.25316 0.950001 0.312251
1.27207 0.955735 0.294231
1.29098 0.961128 0.276107
1.30989 0.966177 0.257883
1.3288 0.970881 0.239568
1.34771 0.975237 0.221166
1.36661 0.979245 0.202686
1.38552 0.982902 0.184133
1.40443 0.986209 0.165515
1.42334 0.989162 0.146837
1.44225 0.991762 0.128106
1.46116 0.994007 0.10933
1.48007 0.995896 0.090515
1.49898 0.99743 0.0716674
1.51789 0.998607 0.0527941
1.5368 0.999426 0.033902
1.5557 0.999889 0.0149977
1.57461 0.999994 -0.0039119
1.59352 0.999741 -0.0228201
1.61243 0.999131 -0.0417202
1.63134 0.998163 -0.0606053
1.65025 0.996839 -0.0794688
1.66916 0.995158 -0.0983039
1.68807 0.993121 -0.117104
1.70698 0.990729 -0.135862
1.72589 0.987983 -0.154571
1.7448 0.984884 -0.173225
1.7637 0.981432 -0.191818
1.78261 0.97763 -0.210341
1.80152 0.973477 -0.22879
1.82043 0.968977 -0.247156
1.83934 0.96413 -0.265435
1.85825 0.958939 -0.283618
1.87716 0.953405 -0.3017
1.89607 0.947529 -0.319674
1.91498 0.941315 -0.337534
1.93389 0.934764 -0.355273
1.95279 0.92788 -0.372885
1.9717 0.920663 -0.390363
1.99061 0.913117 -0.407702
2.00952 0.905244 -0.424896
2.02843 0.897048 -0.441937
2.04734 0.888531 -0.45882
2.06625 0.879696 -0.47554
2.08516 0.870547 -0.492089
2.10407 0.861087 -0.508462
2.12298 0.851318 -0.524653
2.14188 0.841245 -0.540657
2.16079 0.830871 -0.556468
2.1797 0.820201 -0.572079
2.19861 0.809237 -0.587486
2.21752 0.797983 -0.602683
2.23643 0.786444 -0.617664
2.25534 0.774624 -0.632425
2.27425 0.762527 -0.646959
2.29316 0.750158 -0.661262
2.31207 0.73752 -0.675329
2.33098 0.724618 -0.689154
2.34988 0.711457 -0.702732
2.36879 0.698042 -0.71606
2.3877 0.684377 -0.729131
2.40661 0.670468 -0.741942
2.42552 0.656318 -0.754487
2.44443 0.641934 -0.766762
2.46334 0.627321 -0.778764
2.48225 0.612483 -0.790486
2.50116 0.597426 -0.801926
2.52007 0.582156 -0.81308
2.53897 0.566677 -0.823943
2.55788 0.550996 -0.834511
2.57679 0.535118 -0.84478
2.5957 0.519048 -0.854748
2.61461 0.502793 -0.86441
2.63352 0.486358 -0.873762
2.65243 0.469749 -0.882803
2.67134 0.452972 -0.891527
2.69025 0.436033 -0.899933
2.70916 0.418938 -0.908017
2.72807 0.401693 -0.915777
2.74697 0.384305 -0.923209
2.76588 0.366779 -0.93031
2.78479 0.349123 -0.93708
2.8037 0.331341 -0.943514
2.82261 0.313441 -0.94961
2.84152 0.295429 -0.955367
2.86043 0.277311 -0.960783
2.87934 0.259094 -0.965855
2.89825 0.240784 -0.970581
2.91716 0.222388 -0.974961
2.93606 0.203913 -0.978992
2.95497 0.185365 -0.982672
2.97388 0.16675 -0.986002
2.99279 0.148076 -0.988979
3.0117 0.129349 -0.991602
3.03061 0.110575 -0.99387
3.04952 0.0917625 -0.995784
3.06843 0.0729168 -0.997341
3.08734 0.054045 -0.998541
3.10625 0.0351539 -0.999385
3.12515 0.0162502 -0.999871
3.14406 -0.00265929 -0.999999
3.16297 -0.0215678 -0.99977
3.18188 -0.0404687 -0.999184
3.20079 -0.059355 -0.99824
3.2197 -0.0782202 -0.996939
3.23861 -0.0970573 -0.995282
3.25752 -0.11586 -0.993268
3.27643 -0.134621 -0.9909
3.29534 -0.153334 -0.988177
3.31425 -0.171992 -0.985101
3.33315 -0.190588 -0.981673
3.35206 -0.209117 -0.977894
3.37097 -0.22757 -0.973765
3.38988 -0.245943 -0.969287
3.40879 -0.264227 -0.964464
3.4277 -0.282417 -0.959295
3.44661 -0.300506 -0.953783
3.46552 -0.318487 -0.94793
3.48443 -0.336355 -0.941739
3.50334 -0.354102 -0.93521
3.52224 -0.371722 -0.928347
3.54115 -0.38921 -0.921152
3.56006 -0.406559 -0.913628
3.57897 -0.423762 -0.905777
3.59788 -0.440813 -0.897602
3.61679 -0.457707 -0.889106
3.6357 -0.474438 -0.880293
3.65461 -0.490998 -0.871164
3.67352 -0.507383 -0.861724
3.69243 -0.523587 -0.851976
3.71133 -0.539603 -0.841923
3.73024 -0.555427 -0.831569
3.74915 -0.571052 -0.820918
3.76806 -0.586473 -0.809973
3.78697 -0.601683 -0.798739
3.80588 -0.616679 -0.787219
3.82479 -0.631455 -0.775417
3.8437 -0.646004 -0.763338
3.86261 -0.660323 -0.750986
3.88152 -0.674405 -0.738366
3.90043 -0.688246 -0.725482
3.91933 -0.701841 -0.712338
3.93824 -0.715185 -0.69894
3.95715 -0.728274 -0.685291
3.97606 -0.741102 -0.671398
3.99497 -0.753665 -0.657264
4.01388 -0.765958 -0.642896
4.03279 -0.777978 -0.628297
4.0517 -0.789719 -0.613474
4.07061 -0.801178 -0.598431
4.08952 -0.812351 -0.583175
4.10842 -0.823233 -0.56771
4.12733 -0.833821 -0.552042
4.14624 -0.84411 -0.536176
4.16515 -0.854098 -0.520119
4.18406 -0.86378 -0.503876
4.20297 -0.873153 -0.487453
4.22188 -0.882215 -0.470855
4.24079 -0.89096 -0.454089
4.2597 -0.899387 -0.437161
4.27861 -0.907493 -0.420076
4.29751 -0.915274 -0.402841
4.31642 -0.922728 -0.385462
4.33533 -0.929851 -0.367946
4.35424 -0.936643 -0.350297
4.37315 -0.943099 -0.332524
4.39206 -0.949218 -0.314631
4.41097 -0.954998 -0.296626
4.42988 -0.960436 -0.278515
4.44879 -0.965531 -0.260304
4.4677 -0.97028 -0.242
4.48661 -0.974683 -0.22361
4.50551 -0.978737 -0.20514
4.52442 -0.982441 -0.186596
4.54333 -0.985793 -0.167986
4.56224 -0.988794 -0.149315
4.58115 -0.99144 -0.130592
4.60006 -0.993732 -0.111821
4.61897 -0.995669 -0.0930105
4.63788 -0.99725 -0.0741668
4.65679 -0.998474 -0.0552965
4.6757 -0.999341 -0.0364064
4.6946 -0.999851 -0.0175034
4.71351 -1 0.00140597
4.73242 -0.999798 0.0203148
4.75133 -0.999235 0.0392164
4.77024 -0.998315 0.0581039
4.78915 -0.997037 0.0769707
4.80806 -0.995404 0.0958099
4.82697 -0.993414 0.114615
4.84588 -0.991069 0.133379
4.86479 -0.98837 0.152095
4.88369 -0.985317 0.170757
4.9026 -0.981912 0.189358
4.92151 -0.978156 0.207891
4.94042 -0.97405 0.22635
4.95933 -0.969596 0.244728
4.97824 -0.964795 0.263018
4.99715 -0.959649 0.281215
5.01606 -0.95416 0.29931
5.03497 -0.94833 0.317299
5.05388 -0.942161 0.335174
5.07278 -0.935654 0.35293
5.09169 -0.928814 0.370559
5.1106 -0.921641 0.388056
5.12951 -0.914138 0.405414
5.14842 -0.906309 0.422627
5.16733 -0.898155 0.439688
5.18624 -0.889681 0.456593
5.20515 -0.880888 0.473334
5.22406 -0.87178 0.489907
5.24297 -0.862361 0.506303
5.26188 -0.852633 0.522519
5.28078 -0.8426 0.538548
5.29969 -0.832266 0.554385
5.3186 -0.821634 0.570023
5.33751 -0.810709 0.585457
5.35642 -0.799493 0.600682
5.37533 -0.787992 0.615693
5.39424 -0.776209 0.630483
5.41315 -0.764149 0.645047
5.43206 -0.751815 0.659381
5.45097 -0.739212 0.67348
5.46987 -0.726345 0.687337
5.48878 -0.713218 0.700949
5.50769 -0.699837 0.71431
5.5266 -0.686205 0.727415
5.54551 -0.672327 0.740261
5.56442 -0.658209 0.752841
5.58333 -0.643856 0.765153
5.60224 -0.629273 0.777191
5.62115 -0.614464 0.788951
5.64006 -0.599436 0.800428
5.65896 -0.584194 0.81162
5.67787 -0.568742 0.822522
5.69678 -0.553088 0.833129
5.71569 -0.537235 0.843438
5.7346 -0.52119 0.853446
5.75351 -0.504959 0.863149
5.77242 -0.488548 0.872543
5.79133 -0.471962 0.881625
5.81024 -0.455207 0.890391
5.82915 -0.438289 0.89884
5.84805 -0.421214 0.906967
5.86696 -0.403989 0.914769
5.88587 -0.386619 0.922245
5.90478 -0.369112 0.92939
5.92369 -0.351472 0.936204
5.9426 -0.333706 0.942682
5.96151 -0.315821 0.948824
5.98042 -0.297824 0.954626
5.99933 -0.279719 0.960087
6.01824 -0.261515 0.965205
6.03714 -0.243217 0.969977
6.05605 -0.224832 0.974403
6.07496 -0.206367 0.97848
6.09387 -0.187828 0.982207
6.11278 -0.169222 0.985583
6.13169 -0.150555 0.988607
6.1506 -0.131835 0.991277
6.16951 -0.113067 0.993593
6.18842 -0.0942591 0.995553
6.20733 -0.0754174 0.997157
6.22624 -0.0565486 0.998405
6.24514 -0.0376596 0.999296
6.26405 -0.0187572 0.999829


0 0 0
0.00875466 0.00867802 0.982606
0.0172164 0.0169219 0.966009
0.025508 0.0248647 0.94995
0.0337023 0.0325842 0.934275
0.0418437 0.0401275 0.918893
0.0499593 0.0475231 0.903746
0.0580662 0.0547887 0.888799
0.0661751 0.0619356 0.874032
0.0742927 0.068971 0.85943
0.0824234 0.0758997 0.844983
0.0905703 0.0827251 0.830686
0.0987354 0.0894496 0.816534
0.10692 0.0960751 0.802523
0.115126 0.102603 0.788652
0.123354 0.109035 0.774917
0.131604 0.115372 0.761318
0.139878 0.121615 0.747852
0.148175 0.127765 0.734517
0.156498 0.133823 0.721312
0.164847 0.13979 0.708236
0.173222 0.145666 0.695286
0.181624 0.151454 0.682463
0.190054 0.157153 0.669763
0.198513 0.162765 0.657186
0.207001 0.16829 0.644731
0.215519 0.173729 0.632396
0.224069 0.179083 0.620179
0.23265 0.184353 0.608079
0.241265 0.18954 0.596096
0.249913 0.194643 0.584227
0.258596 0.199665 0.572472
0.267315 0.204605 0.560829
0.276071 0.209465 0.549297
0.284864 0.214244 0.537875
0.293697 0.218945 0.526561
0.302569 0.223566 0.515354
0.311482 0.22811 0.504253
0.320438 0.232576 0.493258
0.329437 0.236966 0.482366
0.338481 0.241279 0.471576
0.34757 0.245517 0.460889
0.356708 0.249679 0.450301
0.365893 0.253767 0.439813
0.375129 0.257781 0.429423
0.384417 0.261721 0.41913
0.393757 0.265588 0.408934
0.403152 0.269382 0.398832
0.412603 0.273103 0.388825
0.422112 0.276753 0.378911
0.43168 0.280331 0.369089
0.441309 0.283838 0.359359
0.451002 0.287274 0.349719
0.460759 0.290639 0.340169
0.470583 0.293934 0.330708
0.480475 0.297159 0.321334
0.490438 0.300314 0.312048
0.500474 0.303399 0.302848
0.510585 0.306415 0.293734
0.520772 0.309361 0.284705
0.531039 0.312237 0.27576
0.541388 0.315045 0.266899
0.551821 0.317783 0.258121
0.56234 0.320452 0.249426
0.572949 0.323052 0.240812
0.583649 0.325583 0.232281
0.594444 0.328044 0.22383
0.605335 0.330436 0.21546
0.616327 0.332759 0.20717
0.627422 0.335011 0.19896
0.638623 0.337194 0.19083
0.649934 0.339306 0.182779
0.661357 0.341348 0.174808
0.672896 0.343319 0.166915
0.684554 0.345219 0.159102
0.696335 0.347047 0.151367
0.708242 0.348804 0.143711
0.72028 0.350487 0.136134
0.732452 0.352098 0.128636
0.744762 0.353636 0.121217
0.757215 0.355099 0.113877
0.769815 0.356488 0.106617
0.782566 0.357801 0.0994365
0.795472 0.359038 0.0923361
0.80854 0.360198 0.0853162
0.821773 0.36128 0.0783773
0.835176 0.362284 0.0715197
0.848756 0.363209 0.0647441
0.862518 0.364053 0.0580511
0.876466 0.364816 0.0514413
0.890608 0.365497 0.0449155
0.90495 0.366094 0.0384743
0.919498 0.366607 0.0321188
0.934258 0.367034 0.0258497
0.949238 0.367375 0.019668
0.964446 0.367627 0.0135747
0.979888 0.367789 0.00757094
0.995574 0.367861 0.00165783
1.01151 0.36784 -0.00416343
1.02771 0.367726 -0.00989156
1.04417 0.367516 -0.0155252
1.06092 0.367208 -0.0210629
1.07795 0.366802 -0.0265033
1.09529 0.366296 -0.0318447
1.11294 0.365687 -0.0370855
1.13091 0.364973 -0.042224
1.14921 0.364153 -0.0472584
1.16787 0.363225 -0.0521868
1.18689 0.362185 -0.0570071
1.20629 0.361033 -0.0617174
1.22608 0.359764 -0.0663153
1.24629 0.358378 -0.0707987
1.26693 0.356871 -0.0751651
1.28802 0.35524 -0.079412
1.30957 0.353482 -0.0835367
1.33163 0.351595 -0.0875363
1.35419 0.349574 -0.0914081
1.37731 0.347417 -0.0951487
1.40099 0.34512 -0.098755
1.42527 0.342678 -0.102223
1.45019 0.340088 -0.10555
1.47578 0.337345 -0.108732
1.50208 0.334444 -0.111764
1.52912 0.331381 -0.114641
1.55696 0.328149 -0.11736
1.58565 0.324744 -0.119916
1.61524 0.321159 -0.122301
1.64579 0.317386 -0.124512
1.67738 0.31342 -0.126541
1.71007 0.309251 -0.128381
1.74395 0.304871 -0.130025
1.77911 0.300271 -0.131466
1.81567 0.29544 -0.132693
1.85373 0.290368 -0.133697
1.89343 0.285041 -0.134468
1.93493 0.279447 -0.134993
1.9784 0.273571 -0.135258
2.02402 0.267397 -0.135251
2.07204 0.260907 -0.134953
2.12269 0.254083 -0.134347
2.17626 0.246906 -0.133413
2.23308 0.239358 -0.13213
2.29349 0.231421 -0.130476
2.35785 0.223085 -0.128427
2.42651 0.214346 -0.125965
2.49978 0.205219 -0.123075
2.57779 0.195742 -0.119757
2.66049 0.185987 -0.116026
2.74752 0.176064 -0.111927
2.83821 0.166109 -0.107525
2.9317 0.156271 -0.102908
3.02705 0.146684 -0.0981663
3.12347 0.13745 -0.0933845
3.22036 0.128633 -0.0886306
3.31737 0.120264 -0.0839538
3.41436 0.112346 -0.0793864
3.51134 0.104865 -0.0749472
3.60845 0.0977993 -0.0706457
3.70588 0.0911222 -0.0664854
3.8039 0.0848067 -0.0624664
3.90276 0.0788274 -0.0585865
4.00275 0.0731611 -0.0548428
4.10416 0.0677869 -0.0512322
4.20731 0.0626867 -0.0477516
4.31252 0.0578447 -0.0443982
4.42011 0.0532471 -0.0411694
4.53043 0.048882 -0.0380634
4.64388 0.0447393 -0.0350783
4.76085 0.0408099 -0.032213
4.8818 0.0370865 -0.0294664
5.00724 0.0335623 -0.0268381
5.13771 0.0302317 -0.0243276
5.27387 0.0270901 -0.0219351
5.41645 0.0241332 -0.0196609
5.56628 0.0213578 -0.0175054
5.72437 0.018761 -0.0154695
5.89188 0.0163405 -0.0135542
6.07022 0.0140946 -0.0117608
6.26107 0.0120217 -0.0100909


