### Gram Schmidt test ###
Input system (non-square matrix)

Matrix A:
     0.840      0.394      0.783 
     0.798      0.912      0.198 
     0.335      0.768      0.278 
     0.554      0.477      0.629 

Vector b:
     0.365
     0.513
     0.952

Matrix Q:
     0.633     -0.578      0.156 
     0.601      0.314     -0.712 
     0.252      0.752      0.439 
     0.417     -0.031      0.525 

Matrix R:
     1.328      1.191      0.947 
     0.000      0.621     -0.201 
     0.000      0.000      0.433 

Matrix Q^T*Q = I
     1.000      0.000      0.000 
     0.000      1.000      0.000 
     0.000      0.000      1.000 

Matrix Q*R - should be A:
     0.840      0.394      0.783 
     0.798      0.912      0.198 
     0.335      0.768      0.278 
     0.554      0.477      0.629 

Linear system
Input system (square matrix)

Matrix A:
     0.916      0.636      0.717      0.142      0.607      0.016      0.243      0.137      0.804      0.157 
     0.401      0.130      0.109      0.999      0.218      0.513      0.839      0.613      0.296      0.638 
     0.524      0.494      0.973      0.293      0.771      0.527      0.770      0.400      0.892      0.283 
     0.352      0.808      0.919      0.070      0.949      0.526      0.086      0.192      0.663      0.890 
     0.349      0.064      0.020      0.458      0.063      0.238      0.971      0.902      0.851      0.267 
     0.540      0.375      0.760      0.513      0.668      0.532      0.039      0.438      0.932      0.931 
     0.721      0.284      0.739      0.640      0.354      0.688      0.166      0.440      0.880      0.829 
     0.330      0.229      0.893      0.350      0.687      0.956      0.589      0.657      0.859      0.440 
     0.924      0.398      0.815      0.684      0.911      0.482      0.216      0.950      0.920      0.148 
     0.881      0.641      0.432      0.620      0.281      0.786      0.307      0.447      0.226      0.188 

Vector b:
     0.276
     0.556
     0.417
     0.170
     0.907
     0.103
     0.126
     0.495
     0.760
     0.985

Result, vector x:
    -0.268
     1.179
    -1.140
     0.330
     0.160
     0.730
     0.023
     0.282
     0.633
    -0.759

Vector A*x - should be b:
     0.276
     0.556
     0.417
     0.170
     0.907
     0.103
     0.126
     0.495
     0.760
     0.985

|det(A)| = 0.00258
Matrix A^-1:
     4.729      2.149     -5.724      1.373     -0.734     -5.054      2.031      4.185      0.149     -1.904 
    -3.839     -2.340      4.889     -0.528      1.236      4.100     -1.733     -4.579     -0.304      2.811 
    -3.255     -0.571      3.039      3.218     -0.070     -7.893      7.354     -3.629      2.680     -2.056 
    -3.382     -1.083      5.196     -2.795     -0.179      6.241     -2.649     -3.861     -0.268      2.181 
     3.493      1.756     -3.347     -1.289     -1.123      3.222     -4.657      4.005     -0.906     -0.194 
     1.254     -0.152     -1.358     -2.025     -0.338      4.056     -3.481      2.808     -1.773      1.687 
     1.383      1.191     -0.969      0.732     -0.051     -2.433      0.727      1.231     -0.281     -0.948 
    -1.609     -0.164     -0.756      3.555      1.013     -6.889      4.884     -1.314      2.634     -1.672 
    -0.710     -1.836      2.594     -3.835      0.660      8.771     -5.105     -0.714     -2.002      2.475 
     1.514      1.452     -3.019      2.546     -0.053     -4.705      3.085      1.314      0.435     -2.027 

Matrix A^-1*A = I:
     1.000     -0.000     -0.000     -0.000     -0.000     -0.000     -0.000     -0.000     -0.000     -0.000 
     0.000      1.000      0.000      0.000      0.000      0.000      0.000      0.000      0.000      0.000 
     0.000      0.000      1.000      0.000      0.000      0.000      0.000      0.000      0.000      0.000 
     0.000      0.000     -0.000      1.000     -0.000      0.000      0.000      0.000     -0.000      0.000 
    -0.000     -0.000     -0.000     -0.000      1.000     -0.000     -0.000     -0.000     -0.000     -0.000 
    -0.000     -0.000     -0.000     -0.000     -0.000      1.000     -0.000     -0.000     -0.000     -0.000 
    -0.000     -0.000      0.000     -0.000      0.000     -0.000      1.000     -0.000      0.000     -0.000 
     0.000      0.000      0.000      0.000      0.000      0.000     -0.000      1.000      0.000      0.000 
    -0.000     -0.000     -0.000      0.000     -0.000     -0.000      0.000     -0.000      1.000     -0.000 
     0.000      0.000      0.000     -0.000      0.000     -0.000     -0.000     -0.000      0.000      1.000 


>>>> Gram Schmidt timing: 0.290000 ms <<<<

### Givens rotation test ###
Input system

Matrix A:
     0.840      0.394      0.783 
     0.798      0.912      0.198 
     0.335      0.768      0.278 
     0.554      0.477      0.629 

Vector b:
     0.365
     0.513
     0.952

Matrix decomposition (R with theta stored lower matrix):
     1.328      1.191      0.947 
     0.760      0.621     -0.201 
     0.282      0.894      0.433 
     0.430     -0.035      0.616 

Matrix Q unpacked:
     0.633     -0.578      0.156 
     0.601      0.314     -0.712 
     0.252      0.752      0.439 
     0.417     -0.031      0.525 

Matrix R unpacked:
     1.328      1.191      0.947 
     0.000      0.621     -0.201 
     0.000      0.000      0.433 

Matrix Q^T*Q = I
     1.000      0.000      0.000 
     0.000      1.000     -0.000 
     0.000     -0.000      1.000 

Matrix Q*R, should be A:
     0.840      0.394      0.783 
     0.798      0.912      0.198 
     0.335      0.768      0.278 
     0.554      0.477      0.629 

Linear system
Input system (square matrix)

Matrix A:
     0.916      0.636      0.717      0.142      0.607      0.016      0.243      0.137      0.804      0.157 
     0.401      0.130      0.109      0.999      0.218      0.513      0.839      0.613      0.296      0.638 
     0.524      0.494      0.973      0.293      0.771      0.527      0.770      0.400      0.892      0.283 
     0.352      0.808      0.919      0.070      0.949      0.526      0.086      0.192      0.663      0.890 
     0.349      0.064      0.020      0.458      0.063      0.238      0.971      0.902      0.851      0.267 
     0.540      0.375      0.760      0.513      0.668      0.532      0.039      0.438      0.932      0.931 
     0.721      0.284      0.739      0.640      0.354      0.688      0.166      0.440      0.880      0.829 
     0.330      0.229      0.893      0.350      0.687      0.956      0.589      0.657      0.859      0.440 
     0.924      0.398      0.815      0.684      0.911      0.482      0.216      0.950      0.920      0.148 
     0.881      0.641      0.432      0.620      0.281      0.786      0.307      0.447      0.226      0.188 

Vector b:
     0.276
     0.556
     0.417
     0.170
     0.907
     0.103
     0.126
     0.495
     0.760
     0.985

Result vector x:
    -0.268
     1.179
    -1.140
     0.330
     0.160
     0.730
     0.023
     0.282
     0.633
    -0.759

Check result A*x, should be b:
     0.276
     0.556
     0.417
     0.170
     0.907
     0.103
     0.126
     0.495
     0.760
     0.985

Determinant: 0.0025821

Matrix A^-1
     4.729      2.149     -5.724      1.373     -0.734     -5.054      2.031      4.185      0.149     -1.904 
    -3.839     -2.340      4.889     -0.528      1.236      4.100     -1.733     -4.579     -0.304      2.811 
    -3.255     -0.571      3.039      3.218     -0.070     -7.893      7.354     -3.629      2.680     -2.056 
    -3.382     -1.083      5.196     -2.795     -0.179      6.241     -2.649     -3.861     -0.268      2.181 
     3.493      1.756     -3.347     -1.289     -1.123      3.222     -4.657      4.005     -0.906     -0.194 
     1.254     -0.152     -1.358     -2.025     -0.338      4.056     -3.481      2.808     -1.773      1.687 
     1.383      1.191     -0.969      0.732     -0.051     -2.433      0.727      1.231     -0.281     -0.948 
    -1.609     -0.164     -0.756      3.555      1.013     -6.889      4.884     -1.314      2.634     -1.672 
    -0.710     -1.836      2.594     -3.835      0.660      8.771     -5.105     -0.714     -2.002      2.475 
     1.514      1.452     -3.019      2.546     -0.053     -4.705      3.085      1.314      0.435     -2.027 

Matrix A^-1*A = I:
     1.000     -0.000     -0.000     -0.000     -0.000     -0.000     -0.000     -0.000     -0.000     -0.000 
     0.000      1.000      0.000      0.000      0.000      0.000      0.000      0.000      0.000      0.000 
     0.000      0.000      1.000      0.000      0.000      0.000      0.000      0.000     -0.000     -0.000 
     0.000      0.000      0.000      1.000      0.000      0.000      0.000      0.000     -0.000      0.000 
    -0.000     -0.000     -0.000     -0.000      1.000     -0.000     -0.000     -0.000      0.000     -0.000 
    -0.000     -0.000     -0.000     -0.000     -0.000      1.000     -0.000     -0.000      0.000      0.000 
    -0.000     -0.000     -0.000     -0.000     -0.000     -0.000      1.000     -0.000      0.000     -0.000 
     0.000      0.000      0.000      0.000      0.000      0.000      0.000      1.000      0.000      0.000 
    -0.000     -0.000     -0.000     -0.000     -0.000     -0.000     -0.000      0.000      1.000      0.000 
    -0.000      0.000      0.000      0.000      0.000     -0.000      0.000     -0.000      0.000      1.000 


>>>> Givens timing: 0.284000 ms <<<<

### LU decomposition test ###
Input system (square matrix)

Matrix A:
     0.840      0.394      0.783      0.798      0.912      0.198      0.335      0.768      0.278      0.554 
     0.477      0.629      0.365      0.513      0.952      0.916      0.636      0.717      0.142      0.607 
     0.016      0.243      0.137      0.804      0.157      0.401      0.130      0.109      0.999      0.218 
     0.513      0.839      0.613      0.296      0.638      0.524      0.494      0.973      0.293      0.771 
     0.527      0.770      0.400      0.892      0.283      0.352      0.808      0.919      0.070      0.949 
     0.526      0.086      0.192      0.663      0.890      0.349      0.064      0.020      0.458      0.063 
     0.238      0.971      0.902      0.851      0.267      0.540      0.375      0.760      0.513      0.668 
     0.532      0.039      0.438      0.932      0.931      0.721      0.284      0.739      0.640      0.354 
     0.688      0.166      0.440      0.880      0.829      0.330      0.229      0.893      0.350      0.687 
     0.956      0.589      0.657      0.859      0.440      0.924      0.398      0.815      0.684      0.911 

Vector b:
     0.482
     0.216
     0.950
     0.920
     0.148
     0.881
     0.641
     0.432
     0.620
     0.281

Matrix L:
     1.000      0.000      0.000      0.000      0.000      0.000      0.000      0.000      0.000      0.000 
     0.568      1.000      0.000      0.000      0.000      0.000      0.000      0.000      0.000      0.000 
     0.019      0.581      1.000      0.000      0.000      0.000      0.000      0.000      0.000      0.000 
     0.610      1.478      1.501      1.000      0.000      0.000      0.000      0.000      0.000      0.000 
     0.627      1.291      0.076     -0.182      1.000      0.000      0.000      0.000      0.000      0.000 
     0.626     -0.397     -1.956     -1.178      0.208      1.000      0.000      0.000      0.000      0.000 
     0.284      2.122      5.042      2.341     -0.629     -0.696      1.000      0.000      0.000      0.000 
     0.633     -0.519     -0.590     -0.640     -0.288     -1.355     -4.236      1.000      0.000      0.000 
     0.819     -0.388     -1.376     -0.912      0.287     -0.150     -2.519      0.309      1.000      0.000 
     1.138      0.345     -1.225     -0.604      1.232     -5.358    -24.729      8.265     -6.813      1.000 

Matrix U:
     0.840      0.394      0.783      0.798      0.912      0.198      0.335      0.768      0.278      0.554 
     0.000      0.405     -0.080      0.060      0.434      0.804      0.445      0.281     -0.016      0.292 
     0.000      0.000      0.169      0.754     -0.113     -0.070     -0.135     -0.069      1.003      0.038 
     0.000      0.000      0.000     -1.411     -0.391     -0.680     -0.166      0.193     -1.358     -0.055 
     0.000      0.000      0.000      0.000     -0.911     -0.928      0.003      0.115     -0.407      0.212 
     0.000      0.000      0.000      0.000      0.000     -0.199     -0.430     -0.282      0.724     -0.203 
     0.000      0.000      0.000      0.000      0.000      0.000      0.110     -0.279     -1.160     -0.178 
     0.000      0.000      0.000      0.000      0.000      0.000      0.000     -1.050     -3.872     -0.826 
     0.000      0.000      0.000      0.000      0.000      0.000      0.000      0.000     -1.243      0.063 
     0.000      0.000      0.000      0.000      0.000      0.000      0.000      0.000      0.000      1.700 

Matrix L*U = A
     0.840      0.394      0.783      0.798      0.912      0.198      0.335      0.768      0.278      0.554 
     0.477      0.629      0.365      0.513      0.952      0.916      0.636      0.717      0.142      0.607 
     0.016      0.243      0.137      0.804      0.157      0.401      0.130      0.109      0.999      0.218 
     0.513      0.839      0.613      0.296      0.638      0.524      0.494      0.973      0.293      0.771 
     0.527      0.770      0.400      0.892      0.283      0.352      0.808      0.919      0.070      0.949 
     0.526      0.086      0.192      0.663      0.890      0.349      0.064      0.020      0.458      0.063 
     0.238      0.971      0.902      0.851      0.267      0.540      0.375      0.760      0.513      0.668 
     0.532      0.039      0.438      0.932      0.931      0.721      0.284      0.739      0.640      0.354 
     0.688      0.166      0.440      0.880      0.829      0.330      0.229      0.893      0.350      0.687 
     0.956      0.589      0.657      0.859      0.440      0.924      0.398      0.815      0.684      0.911 

Result vector x:
     0.853
     2.800
    -2.332
     0.324
     0.506
    -0.872
    -1.861
     1.719
     1.055
    -1.895

Check result A*x, should be b:
     0.482
     0.216
     0.950
     0.920
     0.148
     0.881
     0.641
     0.432
     0.620
     0.281

Matrix A^-1
    -1.852     -3.256     -2.253      1.998      1.702      3.002     -0.247      1.994     -1.782      0.911 
    -4.063     -3.556     -2.655      3.058      1.905      4.553      1.431      1.623     -0.900     -0.415 
     4.623      3.353      2.133     -2.877     -2.271     -4.014     -0.063     -1.948     -0.011      0.336 
    -1.755     -1.281     -1.264     -0.409      1.206      1.779      1.173      0.995      0.280     -0.267 
     1.212      1.877      1.143     -0.498     -1.105     -0.692     -0.352     -1.516      1.184     -0.686 
    -1.116      0.558     -0.800     -0.600     -0.321      0.122      0.609      0.630     -0.109      0.723 
     3.874      2.140      2.321     -1.171      0.214     -2.940     -1.934     -0.189     -2.238     -0.187 
    -3.928     -4.360     -2.975      3.394      2.020      2.814      0.722      4.079     -0.941     -0.574 
     0.993     -0.171      1.604      0.919     -0.380     -0.734     -1.034     -0.062     -0.600      0.030 
     4.507      6.124      4.434     -3.978     -3.271     -5.344     -1.197     -6.100      4.008      0.588 

Matrix A^-1*A = I:
     1.000      0.000      0.000     -0.000      0.000      0.000      0.000      0.000     -0.000      0.000 
    -0.000      1.000     -0.000      0.000     -0.000     -0.000     -0.000     -0.000      0.000     -0.000 
     0.000     -0.000      1.000      0.000      0.000     -0.000     -0.000     -0.000      0.000     -0.000 
    -0.000     -0.000     -0.000      1.000     -0.000     -0.000      0.000     -0.000     -0.000     -0.000 
    -0.000      0.000     -0.000      0.000      1.000      0.000      0.000     -0.000      0.000     -0.000 
     0.000      0.000      0.000     -0.000      0.000      1.000     -0.000      0.000     -0.000      0.000 
    -0.000      0.000     -0.000      0.000     -0.000      0.000      1.000     -0.000      0.000      0.000 
    -0.000     -0.000     -0.000     -0.000     -0.000     -0.000     -0.000      1.000     -0.000     -0.000 
     0.000      0.000      0.000      0.000      0.000      0.000      0.000      0.000      1.000      0.000 
     0.000      0.000      0.000      0.000      0.000      0.000      0.000     -0.000      0.000      1.000 


>>>> LU timing: 0.753000 ms <<<<

 