2 0.379978
3 2.77367
4 0.891717
5 1.45047
6 1.79631
7 1.33708
8 0.583325
9 0.919524
10 0.721224
11 0.904562
12 0.88488
13 0.972098
14 1.15573
15 0.77868
16 0.987225
17 0.612322
18 0.832644
19 0.871877
20 0.700027
21 0.669175
22 0.758271
23 0.634748
24 0.733542
25 0.639846
26 0.582021
27 0.748437
28 0.65174
29 0.575924
30 0.603007
31 0.653076
32 0.570814
33 0.476808
34 0.574463
35 0.493893
36 0.595736
37 0.581257
38 0.459252
39 0.492759
40 0.484078
41 0.59282
42 0.533036
43 0.457788
44 0.485869
45 0.517173
46 0.531394
47 0.514344
48 0.498102
49 0.521917
50 0.454823
51 0.454204
52 0.487298
53 0.437301
54 0.444713
55 0.432986
56 0.424556
57 0.435375
58 0.458539
59 0.44123
60 0.422478
61 0.405914
62 0.3612
63 0.414142
64 0.374097
65 0.406006
66 0.378947
67 0.417334
68 0.401462
69 0.405087
70 0.395109
71 0.37829
72 0.365391
73 0.39667
74 0.3516
75 0.396357
76 0.388492
77 0.346547
78 0.393154
79 0.342864
80 0.358259
81 0.355617
82 0.383405
83 0.364968
84 0.317034
85 0.355508
86 0.31561
87 0.323202
88 0.350908
89 0.330489
90 0.367342
91 0.300066
92 0.373681
93 0.326317
94 0.337477
95 0.357407
96 0.386105
97 0.352814
98 0.328602
99 0.308684
100 0.316315
101 0.314418
102 0.321192
103 0.307716
104 0.294686
105 0.318681
106 0.303921
107 0.327215
108 0.333162
109 0.324248
110 0.320034
111 0.30778
112 0.292693
113 0.305881
114 0.312323
115 0.313195
116 0.302599
117 0.278068
118 0.304544
119 0.300637
120 0.283725
121 0.289504
122 0.325571
123 0.276144
124 0.285242
125 0.277427
126 0.319528
127 0.270281
128 0.302174
129 0.305213
130 0.281907
131 0.290114
132 0.295822
133 0.307229
134 0.27072
135 0.287332
136 0.27977
137 0.288117
138 0.277278
139 0.284751
140 0.297556
141 0.294004
142 0.259553
143 0.271164
144 0.280573
145 0.275105
146 0.27112
147 0.260473
148 0.266713
149 0.252212
150 0.257753
151 0.26499
152 0.261556
153 0.246039
154 0.286325
155 0.264347
156 0.263874
157 0.272559
158 0.251015
159 0.250293
160 0.255691
161 0.257353
162 0.256249
163 0.273019
164 0.27087
165 0.261254
166 0.249097
167 0.242842
168 0.258067
169 0.267085
170 0.268449
171 0.245417
172 0.256413
173 0.253859
174 0.252759
175 0.265471
176 0.241608
177 0.251688
178 0.248326
179 0.234278
180 0.230691
181 0.247362
182 0.231561
183 0.224039
184 0.248659
185 0.243538
186 0.241603
187 0.23879
188 0.219723
189 0.234632
190 0.246881
191 0.228096
192 0.242626
193 0.226032
194 0.231161
195 0.236219
196 0.234914
197 0.246625
198 0.252761
199 0.222771
